14      0.6444        0.6455       0.3887      0.4449        0.6446  7.2983
     15      0.5855        0.6498       0.3990      0.4291        0.6428  7.2901
     16      0.7052        0.6291       0.4068      0.4149        0.6413  7.2719
     17      0.5221        0.6424       0.4113      0.4030        0.6401  7.2984
     18      0.5333        0.6387       0.4177      0.3928        0.6387  7.2889
     19      0.6164        0.6323       0.4200      0.3846        0.6374  7.2682
     20      0.6183        0.6452       0.4217      0.3791        0.6364  7.2841
     21      0.7042        0.6336       0.4231      0.3775        0.6355  7.2808
     22      0.5339        0.6346       0.4259      0.3743        0.6343  7.2952
     23      0.4864        0.6452       0.4248      0.3753        0.6334  7.2756
     24      0.8535        0.6330       0.4266      0.3791        0.6326  7.2856
     25      0.6125        0.6449       0.4283      0.3900        0.6318  7.2599
     26      0.5107        0.6395       0.4304      0.3824        0.6304  7.2959
     27      0.4741        0.6413       0.4318      0.3799        0.6292  7.2824
     28      0.5004        0.6289       0.4330      0.3833        0.6284  7.2846
     29      0.5089        0.6364       0.4335      0.3797        0.6275  7.3080
     30      0.6259        0.6327       0.4344      0.3838        0.6267  7.2918
     31      0.6758        0.6192       0.4349      0.3879        0.6260  7.3003
     32      0.5383        0.6313       0.4396      0.3763        0.6250  7.2791
     33      0.4969        0.6292       0.4401      0.3820        0.6244  7.2969
     34      0.6226        0.6097       0.4410      0.3857        0.6235  7.2809
     35      0.6479        0.6371       0.4368      0.3951        0.6227  7.2979
     36      0.5101        0.6344       0.4389      0.3948        0.6216  7.2795
     37      0.5946        0.6343       0.4372      0.4036        0.6208  7.2767
     38      0.6780        0.6120       0.4380      0.4089        0.6202  7.2999
     39      0.5387        0.6262       0.4391      0.4053        0.6194  7.2612
     40      0.6045        0.6240       0.4401      0.4023        0.6183  7.2624
     41      0.6826        0.6258       0.4458      0.4116        0.6173  7.2704
     42      0.5387        0.6291       0.4422      0.4160        0.6163  7.2724
     43      0.5415        0.6294       0.4444      0.4134        0.6155  7.3009
     44      0.5296        0.6106       0.4406      0.4278        0.6149  7.2887
     45      0.8214        0.6365       0.4417      0.4229        0.6141  7.2577
     46      0.5859        0.6130       0.4484      0.4136        0.6130  7.3039
     47      0.5761        0.6259       0.4481      0.4099        0.6120  7.2952
     48      0.5923        0.6162       0.4448      0.4149        0.6111  7.2904
     49      0.5757        0.6186       0.4502      0.4044        0.6100  7.2669
     50      0.6047        0.6193       0.4530      0.4033        0.6090  7.3071
     51      0.4794        0.6279       0.4561      0.3994        0.6081  7.3446
     52      0.6380        0.6021       0.4601      0.3988        0.6072  7.3209
     53      0.5429        0.6061       0.4594      0.4082        0.6064  7.3538
     54      0.5690        0.6035       0.4583      0.4106        0.6054  7.2926
     55      0.5942        0.6145       0.4604      0.4185        0.6046  7.3291
     56      0.6607        0.6102       0.4637      0.4113        0.6036  7.3034
     57      0.6350        0.5965       0.4656      0.4077        0.6027  7.3346
     58      0.5376        0.6110       0.4663      0.4105        0.6018  7.3714
     59      0.5833        0.6159       0.4608      0.4252        0.6010  7.3500
     60      0.5016        0.6156       0.4601      0.4341        0.6003  7.3882
     61      0.6686        0.6022       0.4651      0.4265        0.5992  7.3613
     62      0.6963        0.5986       0.4675      0.4268        0.5986  7.3420
     63      0.8315        0.6036       0.4712      0.4288        0.5979  7.3767
     64      0.6649        0.5971       0.4760      0.4159        0.5970  7.2973
     65      0.6824        0.6008       0.4745      0.4270        0.5959  7.3220
     66      0.5968        0.6041       0.4734      0.4371        0.5947  7.3125
     67      0.6295        0.5922       0.4710      0.4518        0.5938  7.3308
     68      0.6283        0.5996       0.4649      0.4664        0.5930  7.3186
     69      0.6326        0.5954       0.4660      0.4582        0.5922  7.3236
     70      0.6653        0.5896       0.4684      0.4508        0.5913  7.3147
     71      0.5427        0.6119       0.4665      0.4612        0.5907  7.3023
     72      0.6595        0.6025       0.4747      0.4438        0.5898  7.3035
     73      0.7507        0.6039       0.4729      0.4473        0.5889  7.3203
     74      0.5607        0.5831       0.4760      0.4372        0.5880  7.3023
     75      0.4431        0.6016       0.4667      0.4646        0.5872  7.3033
     76      0.6454        0.5948       0.4627      0.4866        0.5863  7.3231
     77      0.5838        0.5899       0.4519      0.5000        0.5856  7.3613
     78      0.6838        0.6005       0.4632      0.4960        0.5844  7.3157
     79      0.6586        0.5966       0.4635      0.4958        0.5835  7.3211
     80      0.5820        0.5897       0.4556      0.5013        0.5827  7.3251
     81      0.6797        0.5779       0.4569      0.5048        0.5816  7.3174
     82      0.6447        0.5824       0.4526      0.5104        0.5808  7.3217
     83      0.6160        0.6012       0.4455      0.5202        0.5805  7.3427
     84      0.6634        0.6006       0.4554      0.5245        0.5789  7.3391
     85      0.6279        0.5892       0.4736      0.5155        0.5771  7.3128
     86      0.6780        0.5847       0.4835      0.5060        0.5762  7.3193
     87      0.8090        0.5660       0.4828      0.5073        0.5753  7.3238
     88      0.6759        0.5903       0.4743      0.5272        0.5744  7.3064
     89      0.6797        0.5832       0.4750      0.5292        0.5736  7.3194
     90      0.7656        0.5735       0.4783      0.5335        0.5723  7.2912
     91      0.6838        0.5889       0.4839      0.5284        0.5711  7.3125
     92      0.7696        0.5629       0.4856      0.5339        0.5703  7.3158
     93      0.6144        0.5907       0.4891      0.5404        0.5690  7.3092
     94      0.7341        0.5782       0.4929      0.5482        0.5680  7.3204
     95      0.6977        0.5718       0.4894      0.5606        0.5674  7.3252
     96      0.6889        0.5598       0.4910      0.5646        0.5661  7.3206
     97      0.8023        0.5718       0.4813      0.5692        0.5656  7.3336
     98      0.7343        0.5696       0.4983      0.5584        0.5646  7.3293
     99      0.7928        0.5651       0.4913      0.5617        0.5639  7.3139
    100      0.8279        0.5489       0.5066      0.5477        0.5627  7.3323
Accuracy after query 2: 0.4560763888888889
F1 Score after query 2: 0.5258913781707929

Query 3: Using the exact images and labels from the CSV for this iteration.
Re-initializing module.
Re-initializing criterion.
Re-initializing optimizer.
  epoch    train_f1    train_loss    valid_acc    valid_f1    valid_loss     dur
-------  ----------  ------------  -----------  ----------  ------------  ------
      1      0.6461        0.5998       0.4988      0.5548        0.5615  7.4123
      2      0.6457        0.5976       0.5045      0.5540        0.5599  7.3849
      3      0.5986        0.6087       0.5142      0.5498        0.5586  7.3791
      4      0.5727        0.6026       0.5135      0.5496        0.5571  7.3854
      5      0.6450        0.5967       0.5108      0.5463        0.5554  7.3696
      6      0.6350        0.5990       0.5080      0.5528        0.5538  7.3783
      7      0.7063        0.5909       0.5066      0.5517        0.5521  7.3857
      8      0.6539        0.5914       0.5101      0.5467        0.5507  7.3957
      9      0.6320        0.5859       0.5207      0.5205        0.5502  7.4013
     10      0.6075        0.5882       0.5200      0.5246        0.5488  7.4250
     11      0.6611        0.5908       0.5024      0.5509        0.5466  7.4124
     12      0.6554        0.5814       0.4991      0.5567        0.5449  7.4042
     13      0.6967        0.5835       0.5007      0.5533        0.5436  7.4070
     14      0.5721        0.5901       0.5080      0.5535        0.5424  7.3707
     15      0.6914        0.5854       0.5113      0.5461        0.5412  7.4097
     16      0.6556        0.5755       0.5132      0.5523        0.5396  7.4088
     17      0.7473        0.5766       0.5128      0.5502        0.5383  7.3985
     18      0.6038        0.5862       0.5149      0.5582        0.5369  7.3922
     19      0.6144        0.5854       0.5151      0.5707        0.5355  7.3885
     20      0.6765        0.5783       0.5172      0.5745        0.5342  7.3813
     21      0.7009        0.5678       0.5233      0.5530        0.5334  7.3813
     22      0.6389        0.5708       0.5250      0.5495        0.5323  7.3866
     23      0.6925        0.5756       0.5226      0.5636        0.5307  7.3895
     24      0.6317        0.5715       0.5240      0.5981        0.5288  7.4112
     25      0.5567        0.5793       0.5281      0.5864        0.5278  7.3965
     26      0.6403        0.5694       0.5351      0.5639        0.5271  7.4081
     27      0.6505        0.5646       0.5375      0.5923        0.5252  7.4224
     28      0.6453        0.5699       0.5378      0.6179        0.5234  7.3900
     29      0.6536        0.5593       0.5377      0.6209        0.5221  7.3988
     30      0.7100        0.5656       0.5451      0.6238        0.5207  7.4024
     31      0.7273        0.5610       0.5490      0.6316        0.5193  7.3865
     32      0.7149        0.5625       0.5536      0.6301        0.5182  7.3929
     33      0.7337        0.5611       0.5568      0.6387        0.5166  7.3923
     34      0.7821        0.5513       0.5575      0.6373        0.5152  7.4055
     35      0.6687        0.5627       0.5608      0.6107        0.5150  7.3761
     36      0.6594        0.5624       0.5628      0.6327        0.5131  7.3753
     37      0.7590        0.5494       0.5637      0.6399        0.5117  7.3906
     38      0.6650        0.5592       0.5670      0.6457        0.5104  7.3908
     39      0.7361        0.5559       0.5656      0.5685        0.5127  7.3849
     40      0.6474        0.5533       0.5687      0.6609        0.5073  7.3830
     41      0.6640        0.5531       0.5606      0.6788        0.5059  7.3991
     42      0.7640        0.5557       0.5778      0.6395        0.5054  7.4154
     43      0.7240        0.5428       0.5788      0.6452        0.5038  7.4350
     44      0.7269        0.5432       0.5774      0.6356        0.5032  7.4544
     45      0.7304        0.5477       0.5705      0.6845        0.5005  7.4332
     46      0.7075        0.5476       0.5809      0.6278        0.5017  7.4159
     47      0.6577        0.5450       0.5807      0.6583        0.4990  7.4282
     48      0.7468        0.5374       0.5840      0.6612        0.4976  7.4134
     49      0.6909        0.5366       0.5858      0.6802        0.4960  7.4380
     50      0.7688        0.5394       0.5887      0.6469        0.4969  7.4212
     51      0.7109        0.5435       0.5925      0.6600        0.4950  7.4814
     52      0.7035        0.5398       0.5847      0.7054        0.4920  7.3820
     53      0.7395        0.5348       0.5976      0.6694        0.4923  7.3955
     54      0.7446        0.5341       0.5977      0.6809        0.4904  7.3867
     55      0.8300        0.5331       0.6005      0.6840        0.4892  7.3800
     56      0.7338        0.5340       0.6040      0.6997        0.4873  7.3951
     57      0.7653        0.5253       0.6085      0.6853        0.4872  7.4013
     58      0.7061        0.5369       0.6071      0.7011        0.4851  7.4092
     59      0.7732        0.5297       0.6109      0.6943        0.4846  7.3803
     60      0.8107        0.5277       0.6102      0.7022        0.4828  7.3977
     61      0.7719        0.5283       0.6108      0.7000        0.4819  7.4040
     62      0.8423        0.5188       0.6099      0.7223        0.4800  7.3955
     63      0.7858        0.5261       0.6165      0.7233        0.4786  7.3897
     64      0.8190        0.5234       0.6160      0.7102        0.4781  7.4076
     65      0.7905        0.5125       0.6200      0.7228        0.4764  7.4033
     66      0.7642        0.5295       0.6174      0.7049        0.4762  7.3705
     67      0.8323        0.5151       0.6177      0.7463        0.4739  7.4010
     68      0.8084        0.5248       0.6163      0.6963        0.4749  7.3797
     69      0.8106        0.5116       0.6252      0.7283        0.4714  7.3820
     70      0.8352        0.5104       0.6234      0.7150        0.4712  7.3838
     71      0.8152        0.5076       0.6283      0.7337        0.4691  7.3769
     72      0.8052        0.5117       0.6286      0.7358        0.4680  7.4050
     73      0.8672        0.5018       0.6281      0.7265        0.4677  7.4007
     74      0.8266        0.5116       0.6288      0.7523        0.4658  7.3909
     75      0.8708        0.5035       0.6248      0.7137        0.4673  7.4091
     76      0.7481        0.5066       0.6300      0.7457        0.4643  7.3966
     77      0.8150        0.5052       0.6333      0.7466        0.4629  7.4044
     78      0.8765        0.5050       0.6292      0.7274        0.4631  7.4143
     79      0.8492        0.5055       0.6345      0.7473        0.4608  7.4060
     80      0.8734        0.5057       0.6281      0.7160        0.4625  7.3916
     81      0.8349        0.4971       0.6405      0.7541        0.4586  7.3977
     82      0.8387        0.5090       0.6370      0.7447        0.4581  7.4042
     83      0.8238        0.5060       0.6427      0.7661        0.4557  7.3996
     84      0.8963        0.5034       0.6378      0.7358        0.4568  7.3969
     85      0.8383        0.4996       0.6411      0.7501        0.4549  7.3927
     86      0.8344        0.4993       0.6417      0.7577        0.4533  7.3754
     87      0.8867        0.4993       0.6439      0.7642        0.4519  7.3718
     88      0.7997        0.5055       0.6464      0.7725        0.4507  7.4124
     89      0.8795        0.4965       0.6443      0.7583        0.4505  7.3900
     90      0.8674        0.4947       0.6457      0.7455        0.4508  7.3992
     91      0.8760        0.4887       0.6516      0.7806        0.4473  7.4118
     92      0.8676        0.4926       0.6497      0.7547        0.4485  7.4064
     93      0.8547        0.4964       0.6500      0.7722        0.4459  7.3833
     94      0.8623        0.4892       0.6519      0.7776        0.4447  7.4062
     95      0.8609        0.4878       0.6507      0.7649        0.4447  7.4031
     96      0.8986        0.4893       0.6517      0.7620        0.4440  7.3856
     97      0.8749        0.4877       0.6543      0.7748        0.4421  7.3969
     98      0.8410        0.4919       0.6554      0.7830        0.4407  7.3837
     99      0.8918        0.4861       0.6561      0.7788        0.4401  7.4059
    100      0.8843        0.4862       0.6573      0.7812        0.4393  7.3911
Accuracy after query 3: 0.6805555555555556
F1 Score after query 3: 0.801564633088334

Query 4: Using the exact images and labels from the CSV for this iteration.
Re-initializing module.
Re-initializing criterion.
Re-initializing optimizer.
  epoch    train_f1    train_loss    valid_acc    valid_f1    valid_loss     dur
-------  ----------  ------------  -----------  ----------  ------------  ------
      1      0.8459        0.4933       0.6420      0.7153        0.4472  7.5089
      2      0.8269        0.4943       0.6628      0.7897        0.4368  7.5154
      3      0.8609        0.4909       0.6457      0.7324        0.4421  7.5239
      4      0.8497        0.4894       0.6639      0.7799        0.4350  7.5473
      5      0.8615        0.4880       0.6472      0.7364        0.4392  7.5472
      6      0.8237        0.4815       0.6700      0.7916        0.4317  7.5738
      7      0.8762        0.4864       0.6443      0.7267        0.4392  7.5205
      8      0.8465        0.4815       0.6700      0.7915        0.4295  7.5399
      9      0.8683        0.4833       0.6455      0.7194        0.4395  7.5459
     10      0.8121        0.4836       0.6767      0.8081        0.4271  7.5350
     11      0.8722        0.4841       0.6351      0.6860        0.4466  7.5262
     12      0.7888        0.4827       0.6845      0.8228        0.4276  7.5692
     13      0.8778        0.4844       0.6304      0.6714        0.4487  7.5313
     14      0.8141        0.4844       0.6837      0.8174        0.4235  7.5262
     15      0.8676        0.4766       0.6398      0.7010        0.4405  7.5414
     16      0.7983        0.4812       0.6844      0.8150        0.4211  7.5313
     17      0.8907        0.4812       0.6476      0.7180        0.4356  7.5470
     18      0.8784        0.4762       0.6870      0.8157        0.4194  7.5298
     19      0.8781        0.4747       0.6443      0.7120        0.4363  7.5322
     20      0.8555        0.4705       0.6905      0.8185        0.4176  7.5276
     21      0.8829        0.4719       0.6464      0.7133        0.4346  7.5092
     22      0.8437        0.4729       0.6903      0.8184        0.4156  7.5457
     23      0.8937        0.4697       0.6535      0.7356        0.4289  7.5424
     24      0.8316        0.4674       0.6859      0.8109        0.4145  7.5244
     25      0.8770        0.4647       0.6653      0.7678        0.4202  7.5325
     26      0.8840        0.4620       0.6764      0.7945        0.4144  7.5332
     27      0.8943        0.4639       0.6694      0.7773        0.4167  7.5233
     28      0.8867        0.4653       0.6715      0.7822        0.4152  7.5044
     29      0.8872        0.4622       0.6830      0.8036        0.4112  7.5015
     30      0.8949        0.4604       0.6705      0.7792        0.4150  7.5107
     31      0.8920        0.4551       0.6832      0.8032        0.4103  7.4827
     32      0.9005        0.4625       0.6759      0.7909        0.4118  7.5000
     33      0.8953        0.4581       0.6755      0.7895        0.4116  7.4890
     34      0.8630        0.4589       0.6795      0.7977        0.4095  7.4867
     35      0.9054        0.4560       0.6736      0.7841        0.4115  7.5086
     36      0.9010        0.4557       0.6873      0.8117        0.4061  7.5255
     37      0.8776        0.4586       0.6594      0.7501        0.4185  7.5308
     38      0.8576        0.4608       0.6972      0.8242        0.4038  7.5436
     39      0.9087        0.4533       0.6682      0.7658        0.4140  7.5158
     40      0.8762        0.4605       0.6910      0.8134        0.4036  7.5418
     41      0.8928        0.4528       0.6722      0.7796        0.4094  7.5375
     42      0.8678        0.4579       0.6873      0.8065        0.4036  7.5275
     43      0.8850        0.4538       0.6729      0.7825        0.4077  7.5180
     44      0.8705        0.4514       0.6887      0.8095        0.4019  7.5425
     45      0.8918        0.4515       0.6693      0.7693        0.4103  7.5310
     46      0.8609        0.4544       0.6937      0.8193        0.3989  7.5320
     47      0.9005        0.4494       0.6715      0.7783        0.4066  7.5245
     48      0.9009        0.4430       0.6880      0.8075        0.3998  7.5130
     49      0.9201        0.4480       0.6844      0.8002        0.4012  7.5090
     50      0.8827        0.4467       0.6837      0.8001        0.4008  7.5239
     51      0.8955        0.4512       0.6844      0.8043        0.3990  7.5380
     52      0.9030        0.4453       0.6882      0.8081        0.3977  7.5425
     53      0.8882        0.4515       0.6859      0.8021        0.3988  7.5623
     54      0.9161        0.4404       0.6905      0.8101        0.3964  7.5311
     55      0.8793        0.4426       0.6852      0.7984        0.3989  7.5517
     56      0.8804        0.4435       0.6931      0.8156        0.3943  7.5257
     57      0.8730        0.4504       0.6830      0.7941        0.3991  7.5394
     58      0.8760        0.4477       0.6962      0.8203        0.3926  7.5543
     59      0.9096        0.4390       0.6736      0.7744        0.4039  7.5480
     60      0.8914        0.4401       0.7080      0.8352        0.3908  7.5537
     61      0.8946        0.4502       0.6490      0.7293        0.4154  7.5382
     62      0.8830        0.4466       0.7075      0.8352        0.3898  7.5491
     63      0.9138        0.4446       0.6589      0.7473        0.4095  7.5271
     64      0.8862        0.4442       0.7090      0.8383        0.3890  7.5252
     65      0.9105        0.4439       0.6462      0.7251        0.4146  7.5131
     66      0.8761        0.4418       0.7101      0.8389        0.3881  7.5242
     67      0.9058        0.4400       0.6561      0.7435        0.4095  7.5537
     68      0.8635        0.4395       0.7137      0.8423        0.3888  7.5452
     69      0.8919        0.4398       0.6392      0.6993        0.4226  7.5312
     70      0.8712        0.4452       0.7132      0.8431        0.3890  7.5493
     71      0.8966        0.4473       0.6396      0.7006        0.4217  7.5383
     72      0.8259        0.4445       0.7144      0.8432        0.3871  7.5343
     73      0.8905        0.4456       0.6505      0.7326        0.4107  7.5618
     74      0.8411        0.4329       0.7069      0.8359        0.3840  7.5544
     75      0.8905        0.4357       0.6693      0.7666        0.4002  7.5511
     76      0.8850        0.4366       0.7092      0.8378        0.3829  7.5275
     77      0.9110        0.4318       0.6635      0.7561        0.4027  7.5530
     78      0.8757        0.4380       0.7097      0.8387        0.3815  7.5499
     79      0.8904        0.4346       0.6655      0.7582        0.4006  7.5220
     80      0.8627        0.4376       0.7059      0.8331        0.3800  7.5174
     81      0.9074        0.4290       0.6795      0.7845        0.3925  7.5287
     82      0.9005        0.4266       0.7064      0.8365        0.3786  7.5278
     83      0.8958        0.4314       0.6753      0.7788        0.3939  7.5558
     84      0.8861        0.4350       0.7061      0.8366        0.3781  7.5423
     85      0.9044        0.4314       0.6851      0.7947        0.3887  7.5649
     86      0.8899        0.4257       0.7038      0.8298        0.3781  7.5154
     87      0.9152        0.4235       0.6964      0.8124        0.3827  7.5282
     88      0.9284        0.4238       0.7023      0.8259        0.3783  7.5215
     89      0.8964        0.4288       0.6974      0.8159        0.3807  7.5290
     90      0.8993        0.4253       0.7000      0.8229        0.3782  7.5208
     91      0.8926        0.4250       0.7031      0.8257        0.3773  7.5363
     92      0.8974        0.4228       0.7002      0.8211        0.3781  7.5189
     93      0.9054        0.4231       0.7000      0.8186        0.3788  7.5189
     94      0.9051        0.4209       0.7040      0.8279        0.3755  7.5374
     95      0.8992        0.4203       0.7009      0.8174        0.3786  7.5079
     96      0.8969        0.4227       0.7064      0.8321        0.3738  7.5141
     97      0.8958        0.4267       0.6984      0.8138        0.3789  7.5008
     98      0.9079        0.4205       0.7043      0.8266        0.3745  7.5178
     99      0.9146        0.4184       0.7003      0.8195        0.3766  7.5345
    100      0.9097        0.4108       0.7042      0.8250        0.3746  7.5357
Accuracy after query 4: 0.7208333333333333
F1 Score after query 4: 0.837514547977368

Query 5: Using the exact images and labels from the CSV for this iteration.
Re-initializing module.
Re-initializing criterion.
Re-initializing optimizer.
  epoch    train_f1    train_loss    valid_acc    valid_f1    valid_loss     dur
-------  ----------  ------------  -----------  ----------  ------------  ------
      1      0.8932        0.4273       0.6854      0.8295        0.3967  7.7959
      2      0.7388        0.4909       0.5733      0.7779        0.4517  7.7977
      3      0.7154        0.5084       0.7026      0.8419        0.3938  7.7982
      4      0.8560        0.4439       0.7220      0.8488        0.3712  7.8226
      5      0.8741        0.4299       0.7233      0.8503        0.3714  7.8037
      6      0.8818        0.4323       0.7205      0.8479        0.3732  7.8034
      7      0.8674        0.4305       0.7182      0.8468        0.3736  7.8078
      8      0.8500        0.4333       0.7123      0.8432        0.3758  7.8144
      9      0.8450        0.4353       0.7227      0.8515        0.3667  7.7938
     10      0.8939        0.4199       0.7194      0.8526        0.3621  7.7947
     11      0.8982        0.4185       0.7194      0.8527        0.3612  7.7954
     12      0.9103        0.4178       0.7231      0.8545        0.3617  7.7958
     13      0.8732        0.4205       0.7207      0.8532        0.3600  7.7908
     14      0.9090        0.4167       0.7196      0.8526        0.3586  7.8206
     15      0.8964        0.4160       0.7219      0.8541        0.3582  7.8136
     16      0.8955        0.4143       0.7184      0.8509        0.3568  7.8051
     17      0.9061        0.4108       0.7201      0.8519        0.3560  7.8061
     18      0.8995        0.4101       0.7170      0.8415        0.3587  7.8243
     19      0.9006        0.4066       0.7174      0.8491        0.3548  7.7894
     20      0.9015        0.4057       0.7210      0.8520        0.3537  7.8136
     21      0.9045        0.4056       0.7240      0.8550        0.3528  7.7827
     22      0.9085        0.4051       0.7210      0.8525        0.3528  7.8127
     23      0.9110        0.4049       0.7217      0.8528        0.3522  7.8124
     24      0.9046        0.4025       0.7210      0.8520        0.3518  7.7991
     25      0.8954        0.4057       0.7226      0.8532        0.3510  7.7881
     26      0.9086        0.4021       0.7217      0.8499        0.3518  7.7644
     27      0.8984        0.3992       0.7219      0.8452        0.3531  7.7822
     28      0.8982        0.4036       0.7198      0.8425        0.3534  7.7754
     29      0.8923        0.3978       0.7220      0.8474        0.3510  7.7902
     30      0.9118        0.3974       0.7238      0.8533        0.3482  7.7819
     31      0.9160        0.3987       0.7252      0.8555        0.3471  7.8049
     32      0.9080        0.3968       0.7241      0.8547        0.3468  7.7992
     33      0.9064        0.3934       0.7257      0.8564        0.3463  7.7967
     34      0.9085        0.3962       0.7241      0.8548        0.3461  7.8030
     35      0.9109        0.3947       0.7234      0.8542        0.3456  7.7982
     36      0.9146        0.3927       0.7238      0.8530        0.3456  7.7830
     37      0.9126        0.3909       0.7243      0.8517        0.3459  7.7877
     38      0.9051        0.3922       0.7238      0.8498        0.3463  7.7956
     39      0.9131        0.3906       0.7227      0.8447        0.3475  7.7916
     40      0.9129        0.3904       0.7236      0.8454        0.3468  7.7882
     41      0.9085        0.3914       0.7233      0.8451        0.3462  7.7667
     42      0.9042        0.3913       0.7280      0.8557        0.3420  7.7860
     43      0.9120        0.3877       0.7260      0.8555        0.3412  7.8142
     44      0.9141        0.3879       0.7257      0.8560        0.3407  7.8254
     45      0.9131        0.3898       0.7269      0.8573        0.3404  7.7952
     46      0.9064        0.3923       0.7260      0.8562        0.3403  7.8045
     47      0.9154        0.3858       0.7233      0.8552        0.3406  7.8065
     48      0.9165        0.3871       0.7234      0.8554        0.3404  7.8065
     49      0.9113        0.3885       0.7243      0.8548        0.3410  7.8111
     50      0.9124        0.3882       0.7214      0.8530        0.3426  7.7926
     51      0.9038        0.3889       0.7212      0.8521        0.3417  7.7852
     52      0.9140        0.3861       0.7212      0.8536        0.3393  7.7948
     53      0.9153        0.3798       0.7219      0.8504        0.3402  7.8243
     54      0.9024        0.3831       0.7196      0.8412        0.3435  7.7947
     55      0.9049        0.3839       0.7273      0.8541        0.3379  7.7839
     56      0.9032        0.3826       0.7248      0.8477        0.3398  7.7633
     57      0.9016        0.3802       0.7304      0.8566        0.3361  7.7752
     58      0.9095        0.3761       0.7286      0.8546        0.3361  7.7952
     59      0.9009        0.3777       0.7300      0.8555        0.3357  7.7768
     60      0.9053        0.3744       0.7292      0.8537        0.3357  7.8053
     61      0.9131        0.3779       0.7304      0.8556        0.3347  7.7949
     62      0.9096        0.3780       0.7271      0.8516        0.3356  7.8026
     63      0.9076        0.3751       0.7271      0.8496        0.3363  7.8026
     64      0.9066        0.3772       0.7306      0.8558        0.3333  7.8106
     65      0.9117        0.3781       0.7290      0.8529        0.3339  7.8009
     66      0.9185        0.3759       0.7306      0.8545        0.3332  7.7800
     67      0.9155        0.3744       0.7278      0.8485        0.3363  7.7705
     68      0.9083        0.3724       0.7288      0.8519        0.3333  7.7996
     69      0.9108        0.3710       0.7314      0.8582        0.3308  7.7975
     70      0.9159        0.3715       0.7292      0.8584        0.3298  7.7962
     71      0.9099        0.3754       0.7288      0.8567        0.3301  7.7743
     72      0.9139        0.3720       0.7280      0.8577        0.3295  7.7745
     73      0.9126        0.3714       0.7267      0.8564        0.3323  7.7852
     74      0.9002        0.3799       0.7030      0.8349        0.3492  7.7758
     75      0.8533        0.3989       0.6394      0.7971        0.3989  7.7932
     76      0.7549        0.4500       0.5759      0.7721        0.4362  7.7854
     77      0.7701        0.4676       0.7050      0.8350        0.3556  7.8257
     78      0.8886        0.3887       0.7168      0.8424        0.3368  7.7929
     79      0.9020        0.3687       0.7203      0.8477        0.3334  7.7751
     80      0.8986        0.3719       0.7253      0.8536        0.3300  7.7970
     81      0.9010        0.3668       0.7250      0.8510        0.3308  7.8019
     82      0.9011        0.3677       0.7293      0.8566        0.3280  7.7988
     83      0.9107        0.3671       0.7297      0.8576        0.3262  7.7831
     84      0.9084        0.3637       0.7288      0.8546        0.3277  7.7945
     85      0.9122        0.3655       0.7311      0.8587        0.3252  7.7940
     86      0.9140        0.3629       0.7311      0.8584        0.3248  7.7743
     87      0.9078        0.3635       0.7302      0.8564        0.3257  7.7839
     88      0.9053        0.3643       0.7314      0.8581        0.3249  7.7648
     89      0.9099        0.3636       0.7304      0.8551        0.3255  7.7585
     90      0.9034        0.3610       0.7312      0.8567        0.3243  7.7966
     91      0.9111        0.3618       0.7318      0.8565        0.3240  7.8145
     92      0.9119        0.3637       0.7306      0.8556        0.3241  7.8291
     93      0.9163        0.3630       0.7335      0.8609        0.3217  7.8053
     94      0.9172        0.3616       0.7307      0.8554        0.3235  7.7924
     95      0.9083        0.3594       0.7330      0.8590        0.3218  7.8028
     96      0.9139        0.3610       0.7333      0.8611        0.3206  7.7922
     97      0.9168        0.3602       0.7326      0.8574        0.3220  7.7954
     98      0.9102        0.3603       0.7340      0.8593        0.3211  7.7848
     99      0.9143        0.3577       0.7321      0.8563        0.3218  7.8019
    100      0.9081        0.3600       0.7319      0.8557        0.3224  7.8124
Accuracy after query 5: 0.753125
F1 Score after query 5: 0.8556618975644317

Query 6: Using the exact images and labels from the CSV for this iteration.
Re-initializing module.
Re-initializing criterion.
Re-initializing optimizer.
  epoch    train_f1    train_loss    valid_acc    valid_f1    valid_loss     dur
-------  ----------  ------------  -----------  ----------  ------------  ------
      1      0.8988        0.3670       0.7250      0.8449        0.3277  8.2159
      2      0.8950        0.3663       0.7212      0.8397        0.3295  8.2374
      3      0.8976        0.3662       0.7281      0.8481        0.3251  8.2401
      4      0.8995        0.3650       0.7240      0.8431        0.3267  8.2551
      5      0.9008        0.3649       0.7264      0.8467        0.3250  8.2608
      6      0.9008        0.3628       0.7212      0.8378        0.3285  8.2543
      7      0.8924        0.3642       0.7285      0.8478        0.3234  8.2709
      8      0.9015        0.3623       0.7229      0.8409        0.3261  8.2968
      9      0.9011        0.3621       0.7274      0.8479        0.3222  8.2835
     10      0.9025        0.3612       0.7323      0.8525        0.3199  8.2957
     11      0.9034        0.3594       0.7248      0.8437        0.3232  8.2627
     12      0.9000        0.3606       0.7220      0.8386        0.3261  8.2587
     13      0.9015        0.3592       0.7253      0.8438        0.3223  8.2811
     14      0.8984        0.3593       0.7273      0.8454        0.3213  8.2835
     15      0.9036        0.3573       0.7370      0.8578        0.3152  8.2525
     16      0.9041        0.3558       0.7325      0.8529        0.3174  8.2384
     17      0.9026        0.3575       0.7266      0.8456        0.3201  8.2443
     18      0.9014        0.3551       0.7300      0.8491        0.3183  8.2547
     19      0.9015        0.3538       0.7238      0.8387        0.3236  8.2684
     20      0.9010        0.3566       0.7326      0.8531        0.3158  8.2851
     21      0.9087        0.3524       0.7332      0.8543        0.3149  8.2674
     22      0.9035        0.3527       0.7292      0.8480        0.3175  8.2566
     23      0.9044        0.3540       0.7365      0.8568        0.3134  8.2469
     24      0.8992        0.3534       0.7368      0.8574        0.3130  8.2331
     25      0.9050        0.3518       0.7208      0.8356        0.3228  8.2567
     26      0.8980        0.3523       0.7356      0.8574        0.3120  8.2648
     27      0.9054        0.3527       0.7288      0.8469        0.3168  8.2579
     28      0.9071        0.3497       0.7306      0.8501        0.3146  8.2743
     29      0.9018        0.3494       0.7359      0.8554        0.3121  8.2964
     30      0.9040        0.3500       0.7344      0.8539        0.3123  8.2374
     31      0.9068        0.3490       0.7292      0.8466        0.3161  8.2025
     32      0.8993        0.3491       0.7262      0.8438        0.3167  8.1924
     33      0.9067        0.3481       0.7250      0.8421        0.3174  8.2478
     34      0.9056        0.3480       0.7340      0.8532        0.3114  8.2408
     35      0.9054        0.3473       0.7285      0.8453        0.3154  8.2564
     36      0.9035        0.3460       0.7312      0.8505        0.3125  8.2426
     37      0.9061        0.3449       0.7319      0.8511        0.3115  8.2396
     38      0.8999        0.3456       0.7314      0.8504        0.3121  8.2101
     39      0.9057        0.3440       0.7299      0.8484        0.3127  8.2417
     40      0.9049        0.3455       0.7280      0.8455        0.3141  8.2389
     41      0.9084        0.3440       0.7363      0.8559        0.3078  8.2457
     42      0.9064        0.3429       0.7323      0.8504        0.3110  8.2441
     43      0.9087        0.3429       0.7264      0.8445        0.3137  8.2377
     44      0.9092        0.3453       0.7321      0.8507        0.3102  8.2307
     45      0.9060        0.3427       0.7361      0.8551        0.3069  8.2137
     46      0.9069        0.3419       0.7391      0.8597        0.3043  8.2317
     47      0.9078        0.3405       0.7285      0.8457        0.3127  8.2049
     48      0.9050        0.3398       0.7316      0.8506        0.3093  8.2533
     49      0.9053        0.3382       0.7359      0.8544        0.3067  8.2472
     50      0.9096        0.3389       0.7260      0.8417        0.3134  8.2352
     51      0.9101        0.3378       0.7271      0.8456        0.3114  8.2386
     52      0.9025        0.3375       0.7309      0.8488        0.3092  8.2353
     53      0.9109        0.3355       0.7347      0.8531        0.3060  8.2400
     54      0.9117        0.3384       0.7286      0.8445        0.3109  8.2316
     55      0.9119        0.3356       0.7333      0.8508        0.3072  8.2399
     56      0.9105        0.3362       0.7278      0.8454        0.3096  8.2336
     57      0.9041        0.3357       0.7378      0.8570        0.3027  8.2374
     58      0.9153        0.3357       0.7311      0.8491        0.3076  8.2344
     59      0.9080        0.3350       0.7359      0.8539        0.3040  8.2302
     60      0.9162        0.3325       0.7344      0.8517        0.3055  8.2187
     61      0.9131        0.3341       0.7352      0.8540        0.3035  8.2211
     62      0.9124        0.3342       0.7321      0.8489        0.3064  8.2374
     63      0.9115        0.3338       0.7316      0.8492        0.3062  8.2244
     64      0.9118        0.3325       0.7359      0.8535        0.3037  8.2351
     65      0.9114        0.3300       0.7484      0.8662        0.2975  8.2080
     66      0.9122        0.3348       0.7300      0.8441        0.3082  8.2404
     67      0.9131        0.3292       0.7319      0.8485        0.3058  8.2169
     68      0.9116        0.3275       0.7470      0.8646        0.2975  8.2390
     69      0.9124        0.3318       0.7255      0.8408        0.3098  8.2293
     70      0.9102        0.3273       0.7384      0.8567        0.3007  8.2403
     71      0.9129        0.3306       0.7345      0.8530        0.3026  8.2314
     72      0.9091        0.3268       0.7462      0.8638        0.2971  8.2338
     73      0.9148        0.3292       0.7118      0.8235        0.3185  8.2300
     74      0.9088        0.3300       0.7481      0.8679        0.2944  8.2423
     75      0.9107        0.3307       0.7073      0.8177        0.3226  8.2178
     76      0.9116        0.3295       0.7474      0.8684        0.2930  8.2244
     77      0.9048        0.3309       0.7049      0.8122        0.3262  8.2150
     78      0.9098        0.3276       0.7462      0.8672        0.2936  8.2326
     79      0.9092        0.3268       0.7231      0.8333        0.3132  8.2435
     80      0.9125        0.3264       0.7474      0.8668        0.2935  8.2512
     81      0.9160        0.3261       0.7356      0.8502        0.3029  8.2222
     82      0.9128        0.3250       0.7441      0.8615        0.2959  8.2081
     83      0.9200        0.3249       0.7394      0.8565        0.2982  8.2227
     84      0.9160        0.3215       0.7389      0.8559        0.2986  8.2520
     85      0.9179        0.3219       0.7431      0.8603        0.2958  8.2470
     86      0.9234        0.3211       0.7344      0.8488        0.3022  8.2344
     87      0.9213        0.3202       0.7365      0.8507        0.3006  8.2317
     88      0.9159        0.3208       0.7488      0.8661        0.2922  8.2221
     89      0.9074        0.3243       0.7038      0.8085        0.3272  8.2281
     90      0.9127        0.3241       0.7451      0.8689        0.2898  8.2183
     91      0.8875        0.3382       0.7010      0.8012        0.3313  8.2430
     92      0.9162        0.3247       0.7460      0.8668        0.2908  8.2215
     93      0.9121        0.3215       0.7325      0.8452        0.3040  8.2375
     94      0.9178        0.3192       0.7451      0.8618        0.2934  8.2543
     95      0.9197        0.3210       0.7401      0.8575        0.2956  8.2482
     96      0.9140        0.3175       0.7389      0.8564        0.2957  8.2207
     97      0.9224        0.3181       0.7375      0.8516        0.2991  8.2404
     98      0.9162        0.3168       0.7425      0.8600        0.2936  8.2568
     99      0.9205        0.3178       0.7391      0.8562        0.2953  8.2354
    100      0.9157        0.3164       0.7366      0.8497        0.2999  8.2385
Accuracy after query 6: 0.7720486111111111
F1 Score after query 6: 0.8652245049643975

Query 7: Using the exact images and labels from the CSV for this iteration.
Re-initializing module.
Re-initializing criterion.
Re-initializing optimizer.
  epoch    train_f1    train_loss    valid_acc    valid_f1    valid_loss     dur
-------  ----------  ------------  -----------  ----------  ------------  ------
      1      0.9122        0.3182       0.7398      0.8676        0.2894  9.2257
      2      0.8577        0.3474       0.7370      0.8649        0.2887  9.0972
      3      0.8975        0.3196       0.7370      0.8665        0.2882  9.0395
      4      0.8992        0.3218       0.7392      0.8676        0.2861  9.0644
      5      0.9036        0.3178       0.7403      0.8674        0.2893  9.0680
      6      0.8923        0.3230       0.7384      0.8671        0.2872  9.0930
      7      0.8971        0.3179       0.7392      0.8674        0.2862  9.0734
      8      0.9029        0.3159       0.7389      0.8675        0.2866  9.0724
      9      0.8978        0.3172       0.7401      0.8684        0.2845  9.0725
     10      0.9047        0.3122       0.7394      0.8684        0.2826  9.0798
     11      0.9046        0.3125       0.7408      0.8689        0.2817  9.0674
     12      0.9048        0.3109       0.7418      0.8695        0.2823  9.0893
     13      0.9046        0.3104       0.7425      0.8697        0.2805  9.0914
     14      0.9087        0.3076       0.7420      0.8694        0.2798  9.0920
     15      0.9093        0.3087       0.7429      0.8704        0.2798  9.0525
     16      0.9089        0.3067       0.7425      0.8697        0.2789  9.0689
     17      0.9062        0.3059       0.7432      0.8703        0.2784  9.0795
     18      0.9085        0.3061       0.7448      0.8713        0.2789  9.1172
     19      0.9067        0.3076       0.7441      0.8711        0.2781  9.0998
     20      0.9079        0.3048       0.7436      0.8702        0.2767  9.1138
     21      0.9094        0.3040       0.7448      0.8708        0.2765  9.0986
     22      0.9131        0.3009       0.7439      0.8714        0.2775  9.0715
     23      0.9082        0.3038       0.7439      0.8697        0.2753  9.0729
     24      0.9161        0.3004       0.7438      0.8704        0.2750  9.0868
     25      0.9170        0.2990       0.7474      0.8722        0.2742  9.0861
     26      0.9111        0.2995       0.7469      0.8721        0.2739  9.1121
     27      0.9100        0.3015       0.7462      0.8719        0.2738  9.0689
     28      0.9136        0.2978       0.7469      0.8717        0.2729  9.0701
     29      0.9161        0.2974       0.7458      0.8712        0.2725  9.0807
     30      0.9174        0.2959       0.7477      0.8713        0.2718  9.1129
     31      0.9209        0.2937       0.7472      0.8716        0.2714  9.1011
     32      0.9166        0.2947       0.7476      0.8724        0.2715  9.1163
     33      0.9131        0.2936       0.7476      0.8711        0.2703  9.1142
     34      0.9168        0.2933       0.7474      0.8718        0.2701  9.1258
     35      0.9161        0.2935       0.7488      0.8733        0.2701  9.1131
     36      0.9181        0.2919       0.7476      0.8723        0.2695  9.1281
     37      0.9157        0.2905       0.7484      0.8720        0.2691  9.1239
     38      0.9194        0.2907       0.7493      0.8742        0.2690  9.1300
     39      0.9167        0.2925       0.7479      0.8710        0.2692  9.1066
     40      0.9195        0.2880       0.7491      0.8730        0.2676  9.1280
     41      0.9172        0.2911       0.7498      0.8733        0.2669  9.1015
     42      0.9180        0.2856       0.7517      0.8738        0.2661  9.1060
     43      0.9198        0.2867       0.7528      0.8742        0.2664  9.0901
     44      0.9178        0.2862       0.7526      0.8746        0.2660  9.1376
     45      0.9191        0.2856       0.7503      0.8742        0.2661  9.1335
     46      0.9170        0.2845       0.7500      0.8725        0.2665  9.1163
     47      0.9206        0.2832       0.7530      0.8749        0.2649  9.1016
     48      0.9215        0.2859       0.7488      0.8733        0.2656  9.1156
     49      0.9212        0.2828       0.7517      0.8745        0.2642  9.1043
     50      0.9215        0.2838       0.7514      0.8729        0.2651  9.1345
     51      0.9252        0.2821       0.7490      0.8749        0.2650  9.1148
     52      0.9191        0.2827       0.7519      0.8744        0.2636  9.1294
     53      0.9266        0.2790       0.7550      0.8755        0.2630  9.1216
     54      0.9252        0.2796       0.7514      0.8746        0.2628  9.1037
     55      0.9254        0.2785       0.7521      0.8745        0.2628  9.0930
     56      0.9248        0.2794       0.7542      0.8756        0.2616  9.0906
     57      0.9309        0.2775       0.7538      0.8744        0.2622  9.1064
     58      0.9274        0.2768       0.7526      0.8760        0.2620  9.1325
     59      0.9216        0.2787       0.7514      0.8723        0.2639  9.1371
     60      0.9225        0.2759       0.7566      0.8758        0.2610  9.1118
     61      0.9274        0.2752       0.7545      0.8741        0.2616  9.0963
     62      0.9326        0.2732       0.7580      0.8770        0.2601  9.1042
     63      0.9245        0.2757       0.7536      0.8752        0.2607  9.1218
     64      0.9257        0.2738       0.7542      0.8761        0.2601  9.1119
     65      0.9204        0.2764       0.7545      0.8737        0.2607  9.0992
     66      0.9313        0.2723       0.7575      0.8769        0.2593  9.1158
     67      0.9247        0.2731       0.7566      0.8773        0.2585  9.1065
     68      0.9272        0.2731       0.7569      0.8767        0.2590  9.1132
     69      0.9254        0.2709       0.7533      0.8757        0.2589  9.0956
     70      0.9276        0.2702       0.7533      0.8732        0.2598  9.1288
     71      0.9265        0.2711       0.7564      0.8760        0.2586  9.1294
     72      0.9317        0.2686       0.7601      0.8779        0.2576  9.1500
     73      0.9323        0.2688       0.7566      0.8747        0.2582  9.1286
     74      0.9350        0.2672       0.7592      0.8776        0.2571  9.1522
     75      0.9339        0.2681       0.7502      0.8753        0.2589  9.1223
     76      0.9132        0.2793       0.7526      0.8763        0.2583  9.1459
     77      0.9259        0.2678       0.7497      0.8695        0.2591  9.0914
     78      0.9370        0.2680       0.7582      0.8754        0.2562  9.1098
     79      0.9376        0.2646       0.7549      0.8743        0.2573  9.1710
     80      0.9353        0.2628       0.7592      0.8781        0.2554  9.0868
     81      0.9324        0.2645       0.7545      0.8732        0.2570  9.0547
     82      0.9381        0.2632       0.7615      0.8790        0.2546  9.1053
     83      0.9332        0.2627       0.7609      0.8776        0.2548  9.0774
     84      0.9389        0.2625       0.7604      0.8781        0.2545  9.0926
     85      0.9409        0.2607       0.7637      0.8781        0.2535  9.0734
     86      0.9366        0.2603       0.7599      0.8784        0.2546  9.0906
     87      0.9394        0.2597       0.7521      0.8709        0.2573  9.0682
     88      0.9385        0.2612       0.7641      0.8799        0.2526  9.0822
     89      0.9337        0.2625       0.7569      0.8786        0.2542  9.0689
     90      0.9256        0.2651       0.7543      0.8758        0.2542  9.0962
     91      0.9390        0.2594       0.7583      0.8748        0.2541  9.0733
     92      0.9370        0.2581       0.7646      0.8797        0.2521  9.0720
     93      0.9439        0.2582       0.7608      0.8786        0.2528  9.0621
     94      0.9371        0.2566       0.7465      0.8669        0.2581  9.0582
     95      0.9339        0.2616       0.7524      0.8704        0.2548  9.0535
     96      0.9406        0.2554       0.7625      0.8789        0.2518  9.0657
     97      0.9396        0.2568       0.7613      0.8791        0.2518  9.0886
     98      0.9391        0.2549       0.7521      0.8711        0.2543  9.1338
     99      0.9399        0.2562       0.7637      0.8799        0.2507  9.1039
    100      0.9435        0.2534       0.7578      0.8745        0.2525  9.1193
Accuracy after query 7: 0.7880208333333333
F1 Score after query 7: 0.8822697454915973

Query 8: Using the exact images and labels from the CSV for this iteration.
Re-initializing module.
Re-initializing criterion.
Re-initializing optimizer.
  epoch    train_f1    train_loss    valid_acc    valid_f1    valid_loss      dur
-------  ----------  ------------  -----------  ----------  ------------  -------
      1      0.9285        0.2571       0.7460      0.8638        0.2568  10.7904
      2      0.9213        0.2574       0.7477      0.8652        0.2556  10.5570
      3      0.9284        0.2559       0.7441      0.8642        0.2563  10.5541
      4      0.9239        0.2561       0.7595      0.8742        0.2505  10.5336
      5      0.9338        0.2520       0.7498      0.8656        0.2536  10.5619
      6      0.9303        0.2529       0.7523      0.8668        0.2526  10.5550
      7      0.9377        0.2497       0.7701      0.8823        0.2457  10.5612
      8      0.9355        0.2498       0.7693      0.8797        0.2457  10.5686
      9      0.9303        0.2496       0.7583      0.8738        0.2481  10.6384
     10      0.9312        0.2496       0.7521      0.8671        0.2501  10.6110
     11      0.9345        0.2482       0.7491      0.8650        0.2513  10.6166
     12      0.9322        0.2483       0.7677      0.8807        0.2446  10.6206
     13      0.9379        0.2449       0.7599      0.8738        0.2464  10.6118
     14      0.9339        0.2467       0.7674      0.8787        0.2441  10.6101
     15      0.9365        0.2445       0.7686      0.8809        0.2423  10.5961
     16      0.9323        0.2459       0.7613      0.8747        0.2449  10.5794
     17      0.9349        0.2436       0.7681      0.8801        0.2429  10.5832
     18      0.9313        0.2455       0.7585      0.8708        0.2453  10.5711
     19      0.9423        0.2415       0.7719      0.8820        0.2415  10.5959
     20      0.9354        0.2424       0.7594      0.8733        0.2446  10.5905
     21      0.9380        0.2406       0.7722      0.8818        0.2401  10.5897
     22      0.9339        0.2401       0.7670      0.8781        0.2411  10.5929
     23      0.9413        0.2375       0.7681      0.8793        0.2407  10.6115
     24      0.9381        0.2383       0.7582      0.8705        0.2433  10.5915
     25      0.9428        0.2369       0.7696      0.8798        0.2395  10.5907
     26      0.9356        0.2375       0.7693      0.8811        0.2388  10.5936
     27      0.9341        0.2372       0.7674      0.8799        0.2391  10.5738
     28      0.9410        0.2347       0.7615      0.8728        0.2415  10.5755
     29      0.9346        0.2363       0.7649      0.8760        0.2401  10.5796
     30      0.9435        0.2340       0.7656      0.8732        0.2399  10.5939
     31      0.9450        0.2323       0.7717      0.8819        0.2365  10.5839
     32      0.9441        0.2325       0.7681      0.8802        0.2379  10.5822
     33      0.9410        0.2318       0.7688      0.8818        0.2356  10.5934
     34      0.9385        0.2341       0.7641      0.8747        0.2389  10.5788
     35      0.9440        0.2304       0.7703      0.8775        0.2360  10.5937
     36      0.9460        0.2298       0.7651      0.8737        0.2381  10.6292
     37      0.9384        0.2319       0.7660      0.8732        0.2384  10.6076
     38      0.9444        0.2286       0.7707      0.8785        0.2354  10.5928
     39      0.9471        0.2286       0.7708      0.8791        0.2350  10.5659
     40      0.9455        0.2264       0.7674      0.8764        0.2366  10.5896
     41      0.9453        0.2271       0.7736      0.8812        0.2330  10.5815
     42      0.9435        0.2274       0.7722      0.8834        0.2321  10.6097
     43      0.9465        0.2255       0.7703      0.8793        0.2338  10.6240
     44      0.9477        0.2235       0.7727      0.8824        0.2321  10.5882
     45      0.9478        0.2240       0.7736      0.8822        0.2321  10.6250
     46      0.9457        0.2267       0.7710      0.8851        0.2343  10.5765
     47      0.9356        0.2293       0.7694      0.8807        0.2312  10.6206
     48      0.9483        0.2221       0.7740      0.8840        0.2306  10.5994
     49      0.9423        0.2238       0.7722      0.8814        0.2311  10.5906
     50      0.9486        0.2214       0.7701      0.8772        0.2328  10.5778
     51      0.9494        0.2199       0.7686      0.8760        0.2333  10.5937
     52      0.9422        0.2225       0.7769      0.8822        0.2297  10.5782
     53      0.9480        0.2201       0.7788      0.8855        0.2277  10.5968
     54      0.9478        0.2197       0.7771      0.8864        0.2281  10.6080
     55      0.9438        0.2217       0.7774      0.8864        0.2282  10.5936
     56      0.9445        0.2191       0.7762      0.8852        0.2279  10.5952
     57      0.9507        0.2166       0.7733      0.8793        0.2302  10.5899
     58      0.9525        0.2171       0.7790      0.8824        0.2279  10.5983
     59      0.9514        0.2151       0.7788      0.8849        0.2261  10.5902
     60      0.9507        0.2152       0.7786      0.8821        0.2265  10.5916
     61      0.9529        0.2140       0.7774      0.8804        0.2276  10.6096
     62      0.9520        0.2136       0.7793      0.8827        0.2261  10.5779
     63      0.9516        0.2133       0.7769      0.8866        0.2274  10.5704
     64      0.9331        0.2229       0.7719      0.8850        0.2313  10.5952
     65      0.9422        0.2169       0.7757      0.8803        0.2264  10.6254
     66      0.9510        0.2128       0.7809      0.8825        0.2254  10.6061
     67      0.9564        0.2106       0.7839      0.8879        0.2229  10.6043
     68      0.9480        0.2127       0.7823      0.8873        0.2231  10.5936
     69      0.9544        0.2094       0.7825      0.8835        0.2235  10.5966
     70      0.9544        0.2105       0.7703      0.8752        0.2299  10.6186
     71      0.9495        0.2111       0.7865      0.8881        0.2220  10.6088
     72      0.9540        0.2094       0.7785      0.8874        0.2247  10.5910
     73      0.9402        0.2155       0.7788      0.8871        0.2245  10.5760
     74      0.9484        0.2084       0.7812      0.8837        0.2222  10.5688
     75      0.9539        0.2074       0.7797      0.8827        0.2238  10.5928
     76      0.9536        0.2072       0.7839      0.8842        0.2225  10.6009
     77      0.9554        0.2064       0.7825      0.8840        0.2223  10.6001
     78      0.9555        0.2061       0.7851      0.8854        0.2210  10.5952
     79      0.9550        0.2048       0.7896      0.8888        0.2195  10.6078
     80      0.9566        0.2051       0.7799      0.8880        0.2242  10.5965
     81      0.9437        0.2091       0.7852      0.8856        0.2200  10.6067
     82      0.9581        0.2025       0.7891      0.8886        0.2189  10.5700
     83      0.9586        0.2019       0.7880      0.8853        0.2196  10.6105
     84      0.9568        0.2019       0.7887      0.8899        0.2183  10.5722
     85      0.9528        0.2036       0.7885      0.8866        0.2189  10.5622
     86      0.9580        0.2016       0.7899      0.8862        0.2185  10.5936
     87      0.9572        0.2016       0.7847      0.8897        0.2200  10.5858
     88      0.9501        0.2033       0.7898      0.8878        0.2181  10.5738
     89      0.9563        0.2007       0.7922      0.8913        0.2165  10.5934
     90      0.9575        0.1987       0.7924      0.8871        0.2171  10.5904
     91      0.9573        0.2010       0.7790      0.8797        0.2241  10.5974
     92      0.9542        0.2018       0.7892      0.8858        0.2179  10.5939
     93      0.9591        0.1971       0.7932      0.8896        0.2164  10.5309
     94      0.9610        0.1969       0.7892      0.8909        0.2159  10.5361
     95      0.9607        0.1956       0.7889      0.8874        0.2175  10.5288
     96      0.9604        0.1956       0.7832      0.8816        0.2202  10.5325
     97      0.9571        0.1978       0.7807      0.8796        0.2227  10.5232
     98      0.9588        0.1963       0.7943      0.8917        0.2146  10.5817
     99      0.9596        0.1946       0.7896      0.8920        0.2186  10.5702
    100      0.9465        0.2033       0.7833      0.8897        0.2211  10.5626
Accuracy after query 8: 0.7960069444444444
F1 Score after query 8: 0.8885901008868461

Query 9: Using the exact images and labels from the CSV for this iteration.
Re-initializing module.
Re-initializing criterion.
Re-initializing optimizer.
  epoch    train_f1    train_loss    valid_acc    valid_f1    valid_loss      dur
-------  ----------  ------------  -----------  ----------  ------------  -------
      1      0.9325        0.2126       0.7722      0.8792        0.2237  13.4495
      2      0.9408        0.2079       0.7509      0.8653        0.2365  13.1748
      3      0.9364        0.2090       0.7582      0.8717        0.2315  13.1990
      4      0.9393        0.2052       0.7689      0.8802        0.2240  13.1904
      5      0.9443        0.2040       0.7753      0.8843        0.2212  13.1926
      6      0.9468        0.2013       0.7816      0.8879        0.2193  13.2449
      7      0.9424        0.2019       0.7531      0.8697        0.2347  13.2561
      8      0.9407        0.2051       0.7689      0.8804        0.2247  13.2585
      9      0.9435        0.1991       0.7753      0.8850        0.2212  13.2691
     10      0.9472        0.1976       0.7825      0.8888        0.2170  13.2568
     11      0.9421        0.1989       0.7731      0.8848        0.2221  13.3099
     12      0.9469        0.1969       0.7818      0.8884        0.2173  13.2933
     13      0.9475        0.1965       0.7793      0.8875        0.2185  13.1989
     14      0.9455        0.1951       0.7771      0.8853        0.2194  13.1943
     15      0.9480        0.1949       0.7826      0.8882        0.2164  13.1938
     16      0.9481        0.1939       0.7781      0.8868        0.2186  13.2271
     17      0.9475        0.1920       0.7859      0.8895        0.2152  13.2080
     18      0.9469        0.1918       0.7806      0.8880        0.2176  13.1915
     19      0.9519        0.1903       0.7880      0.8908        0.2148  13.2201
     20      0.9439        0.1942       0.7734      0.8815        0.2231  13.2052
     21      0.9482        0.1904       0.7870      0.8907        0.2130  13.1879
     22      0.9490        0.1898       0.7854      0.8901        0.2146  13.1813
     23      0.9511        0.1871       0.7885      0.8910        0.2121  13.1639
     24      0.9493        0.1878       0.7872      0.8905        0.2129  13.2002
     25      0.9524        0.1863       0.7877      0.8907        0.2123  13.2428
     26      0.9519        0.1846       0.7884      0.8910        0.2124  13.2289
     27      0.9512        0.1849       0.7861      0.8902        0.2136  13.2183
     28      0.9513        0.1844       0.7818      0.8874        0.2162  13.2020
     29      0.9555        0.1821       0.7866      0.8904        0.2126  13.2157
     30      0.9553        0.1821       0.7917      0.8921        0.2105  13.2389
     31      0.9507        0.1850       0.7769      0.8847        0.2208  13.2132
     32      0.9526        0.1851       0.7917      0.8917        0.2116  13.1864
     33      0.9543        0.1819       0.7906      0.8918        0.2099  13.1814
     34      0.9559        0.1795       0.7873      0.8903        0.2122  13.2194
     35      0.9571        0.1792       0.7877      0.8901        0.2125  13.2228
     36      0.9539        0.1800       0.7970      0.8933        0.2082  13.2198
     37      0.9571        0.1785       0.7899      0.8912        0.2104  13.2319
     38      0.9557        0.1769       0.7917      0.8914        0.2087  13.2014
     39      0.9566        0.1767       0.7941      0.8931        0.2092  13.1987
     40      0.9574        0.1762       0.7932      0.8928        0.2101  13.2088
     41      0.9590        0.1748       0.7781      0.8867        0.2177  13.1900
     42      0.9545        0.1767       0.7957      0.8938        0.2090  13.1833
     43      0.9569        0.1756       0.7924      0.8924        0.2100  13.2075
     44      0.9615        0.1725       0.7908      0.8914        0.2099  13.2111
     45      0.9598        0.1728       0.7870      0.8895        0.2132  13.2201
     46      0.9584        0.1723       0.7967      0.8943        0.2084  13.2290
     47      0.9601        0.1726       0.7976      0.8946        0.2072  13.2093
     48      0.9615        0.1706       0.7816      0.8875        0.2160  13.2147
     49      0.9574        0.1720       0.7943      0.8929        0.2076  13.1929
     50      0.9620        0.1694       0.7981      0.8947        0.2065  13.1689
     51      0.9615        0.1694       0.7960      0.8935        0.2071  13.1794
     52      0.9605        0.1681       0.7967      0.8942        0.2080  13.2296
     53      0.9608        0.1674       0.7974      0.8929        0.2082  13.3469
     54      0.9607        0.1675       0.7894      0.8907        0.2105  13.2838
     55      0.9618        0.1671       0.7984      0.8940        0.2074  13.2012
     56      0.9594        0.1671       0.7991      0.8952        0.2071  13.2236
     57      0.9609        0.1651       0.7969      0.8924        0.2082  13.2031
     58      0.9585        0.1669       0.7979      0.8937        0.2083  13.1994
     59      0.9603        0.1654       0.8000      0.8942        0.2066  13.1906
     60      0.9651        0.1640       0.7969      0.8938        0.2066  13.2013
     61      0.9611        0.1635       0.7944      0.8925        0.2073  13.2219
     62      0.9609        0.1646       0.7917      0.8902        0.2108  13.2337
     63      0.9636        0.1627       0.7983      0.8938        0.2051  13.2152
     64      0.9616        0.1630       0.7969      0.8934        0.2083  13.1934
     65      0.9645        0.1608       0.8002      0.8948        0.2043  13.2415
     66      0.9621        0.1628       0.7865      0.8874        0.2149  13.2099
     67      0.9618        0.1618       0.7896      0.8906        0.2094  13.2145
     68      0.9617        0.1614       0.7977      0.8922        0.2069  13.1660
     69      0.9647        0.1586       0.7998      0.8950        0.2056  13.1816
     70      0.9646        0.1585       0.8024      0.8955        0.2035  13.2041
     71      0.9641        0.1579       0.8012      0.8951        0.2039  13.2030
     72      0.9668        0.1569       0.7953      0.8923        0.2082  13.2325
     73      0.9644        0.1579       0.7972      0.8931        0.2066  13.2097
     74      0.9656        0.1561       0.7941      0.8916        0.2093  13.1949
     75      0.9660        0.1564       0.7920      0.8913        0.2079  13.2229
     76      0.9646        0.1550       0.8017      0.8958        0.2043  13.2163
     77      0.9646        0.1561       0.7833      0.8818        0.2184  13.1662
     78      0.9621        0.1589       0.8007      0.8955        0.2041  13.2011
     79      0.9645        0.1543       0.7951      0.8919        0.2089  13.2313
     80      0.9645        0.1541       0.7957      0.8925        0.2071  13.2324
     81      0.9668        0.1527       0.7957      0.8920        0.2078  13.2317
     82      0.9668        0.1519       0.7944      0.8915        0.2080  13.2075
Stopping since valid_loss has not improved in the last 13 epochs.
Accuracy after query 9: 0.7984375
F1 Score after query 9: 0.8885525755051059

Query 10: Using the exact images and labels from the CSV for this iteration.
Re-initializing module.
Re-initializing criterion.
Re-initializing optimizer.
  epoch    train_f1    train_loss    valid_acc    valid_f1    valid_loss      dur
-------  ----------  ------------  -----------  ----------  ------------  -------
      1      0.9522        0.1645       0.8128      0.8979        0.1925  17.9733
      2      0.9523        0.1632       0.8148      0.8998        0.1925  17.8072
      3      0.9546        0.1602       0.8040      0.8842        0.2022  17.8912
      4      0.9554        0.1587       0.8036      0.8839        0.2045  17.9631
      5      0.9540        0.1587       0.8106      0.8925        0.1958  17.9624
      6      0.9554        0.1570       0.8092      0.8832        0.2012  17.9393
      7      0.9559        0.1565       0.8069      0.8829        0.2048  17.9227
      8      0.9570        0.1549       0.8135      0.8931        0.1953  17.8915
      9      0.9577        0.1537       0.8033      0.8751        0.2072  17.9005
     10      0.9594        0.1533       0.8026      0.8748        0.2076  17.9174
     11      0.9585        0.1524       0.8207      0.8971        0.1907  17.9038
     12      0.9609        0.1510       0.8128      0.8846        0.1987  17.9204
     13      0.9601        0.1502       0.8158      0.8880        0.1977  17.8776
     14      0.9604        0.1495       0.8101      0.8826        0.2017  17.8896
     15      0.9623        0.1497       0.7865      0.8539        0.2168  17.8414
     16      0.9601        0.1491       0.8224      0.8959        0.1912  17.9173
     17      0.9598        0.1478       0.8229      0.8917        0.1924  17.9087
     18      0.9615        0.1471       0.8120      0.8830        0.2000  17.8970
     19      0.9614        0.1460       0.8186      0.8907        0.1955  17.9073
     20      0.9622        0.1449       0.8248      0.8941        0.1922  17.8875
     21      0.9633        0.1442       0.8253      0.8952        0.1913  17.8839
     22      0.9640        0.1430       0.8274      0.8961        0.1892  17.8835
     23      0.9631        0.1422       0.8033      0.8641        0.2054  17.9285
     24      0.9632        0.1422       0.8231      0.8927        0.1924  17.9146
     25      0.9634        0.1410       0.8280      0.8960        0.1885  17.9326
     26      0.9636        0.1403       0.8186      0.8843        0.1960  17.9035
     27      0.9668        0.1399       0.8321      0.9005        0.1864  17.9091
     28      0.9635        0.1392       0.8087      0.8772        0.2028  17.8756
     29      0.9641        0.1383       0.8090      0.8778        0.2032  17.8810
     30      0.9654        0.1380       0.8262      0.8958        0.1903  17.9043
     31      0.9659        0.1369       0.8292      0.8993        0.1880  17.8942
     32      0.9658        0.1358       0.8247      0.8915        0.1914  17.8793
     33      0.9657        0.1351       0.8318      0.9018        0.1847  17.9021
     34      0.9640        0.1353       0.8035      0.8686        0.2070  17.9021
     35      0.9658        0.1338       0.8309      0.8977        0.1867  17.8581
     36      0.9665        0.1332       0.8352      0.9023        0.1817  17.8985
     37      0.9665        0.1333       0.8366      0.9060        0.1789  18.0557
     38      0.9654        0.1322       0.8196      0.8900        0.1954  17.8910
     39      0.9648        0.1322       0.8267      0.8947        0.1885  17.9045
     40      0.9673        0.1309       0.8274      0.8928        0.1892  17.9246
     41      0.9688        0.1302       0.8352      0.9023        0.1809  17.8951
     42      0.9667        0.1293       0.8314      0.8993        0.1867  17.8758
     43      0.9671        0.1293       0.8363      0.9035        0.1807  17.9211
     44      0.9680        0.1280       0.8269      0.8946        0.1888  17.9299
     45      0.9681        0.1271       0.8356      0.9007        0.1832  17.9219
     46      0.9693        0.1264       0.8286      0.8951        0.1878  17.9460
     47      0.9689        0.1264       0.8335      0.8990        0.1843  17.9157
     48      0.9687        0.1256       0.8405      0.9049        0.1783  17.8785
     49      0.9681        0.1254       0.8245      0.8905        0.1926  17.8666
     50      0.9682        0.1248       0.8280      0.8966        0.1874  17.9116
     51      0.9688        0.1236       0.8396      0.9065        0.1775  17.9329
     52      0.9697        0.1231       0.8354      0.9009        0.1816  18.0623
     53      0.9703        0.1224       0.8358      0.9019        0.1822  18.0644
     54      0.9698        0.1223       0.8292      0.8927        0.1877  18.0376
     55      0.9685        0.1222       0.8307      0.8967        0.1856  17.9746
     56      0.9704        0.1209       0.8326      0.8989        0.1835  17.9124
     57      0.9704        0.1201       0.8201      0.8882        0.1958  17.9939
     58      0.9685        0.1212       0.8389      0.9047        0.1803  17.9643
     59      0.9715        0.1191       0.8339      0.8985        0.1822  17.9260
     60      0.9722        0.1188       0.8326      0.9006        0.1840  17.9671
     61      0.9711        0.1183       0.8418      0.9061        0.1768  17.9268
     62      0.9719        0.1175       0.8290      0.8931        0.1877  17.8898
     63      0.9705        0.1173       0.8420      0.9037        0.1771  17.9601
     64      0.9722        0.1154       0.8248      0.8905        0.1917  17.9554
     65      0.9718        0.1162       0.8436      0.9066        0.1755  17.9277
     66      0.9732        0.1151       0.8141      0.8782        0.2004  17.9389
     67      0.9703        0.1155       0.8358      0.9013        0.1816  17.9455
     68      0.9725        0.1141       0.8401      0.9033        0.1778  17.8791
     69      0.9736        0.1131       0.8361      0.8994        0.1826  17.8796
     70      0.9730        0.1132       0.8365      0.9005        0.1813  17.9235
     71      0.9725        0.1121       0.8365      0.9006        0.1823  18.0656
     72      0.9744        0.1111       0.8354      0.9014        0.1836  17.9053
     73      0.9726        0.1118       0.8372      0.9029        0.1803  17.9191
     74      0.9737        0.1112       0.8064      0.8716        0.2057  17.9354
     75      0.9729        0.1107       0.8399      0.9052        0.1780  17.8512
     76      0.9741        0.1097       0.8286      0.8945        0.1890  17.9086
     77      0.9737        0.1087       0.8306      0.8932        0.1861  17.9395
Stopping since valid_loss has not improved in the last 13 epochs.
Accuracy after query 10: 0.8243055555555555
F1 Score after query 10: 0.8998937790930244

Query 11: Using the exact images and labels from the CSV for this iteration.
Re-initializing module.
Re-initializing criterion.
Re-initializing optimizer.
  epoch    train_f1    train_loss    valid_acc    valid_f1    valid_loss      dur
-------  ----------  ------------  -----------  ----------  ------------  -------
      1      0.9582        0.1297       0.8304      0.9050        0.1795  26.1690
      2      0.9659        0.1171       0.8222      0.8937        0.1898  26.1786
      3      0.9635        0.1185       0.8172      0.8878        0.1901  26.3534
      4      0.9676        0.1143       0.8212      0.8896        0.1890  26.3669
      5      0.9685        0.1127       0.8240      0.8901        0.1870  26.3582
      6      0.9685        0.1122       0.8293      0.8951        0.1840  26.2944
      7      0.9672        0.1119       0.8344      0.8983        0.1796  26.3214
      8      0.9685        0.1104       0.8175      0.8792        0.1916  26.3260
      9      0.9699        0.1091       0.8300      0.8926        0.1846  26.3141
     10      0.9700        0.1082       0.8111      0.8744        0.1985  26.2656
     11      0.9705        0.1075       0.8179      0.8826        0.1935  26.2803
     12      0.9717        0.1064       0.8186      0.8791        0.1914  26.3175
     13      0.9715        0.1055       0.8288      0.8913        0.1856  26.3125
Stopping since valid_loss has not improved in the last 13 epochs.
Accuracy after query 11: 0.8255208333333334
F1 Score after query 11: 0.8974493781390596

Query 12: Using the exact images and labels from the CSV for this iteration.
Re-initializing module.
Re-initializing criterion.
Re-initializing optimizer.
  epoch    train_f1    train_loss    valid_acc    valid_f1    valid_loss      dur
-------  ----------  ------------  -----------  ----------  ------------  -------
      1      0.9658        0.1083       0.7908      0.8945        0.2197  40.8698
      2      0.9652        0.1080       0.7528      0.8799        0.2603  41.0650
      3      0.9672        0.1067       0.8253      0.9090        0.1894  41.2015
      4      0.9672        0.1047       0.8318      0.9109        0.1869  41.2716
      5      0.9688        0.1033       0.8410      0.9147        0.1801  41.2226
      6      0.9699        0.1021       0.8292      0.9088        0.1880  41.2457
      7      0.9699        0.1006       0.8229      0.9092        0.1954  41.1847
      8      0.9709        0.0999       0.8484      0.9182        0.1772  41.1755
      9      0.9712        0.0988       0.8405      0.9149        0.1823  41.2028
     10      0.9723        0.0979       0.8307      0.9125        0.1912  41.1931
     11      0.9716        0.0968       0.8455      0.9163        0.1781  41.1566
     12      0.9726        0.0959       0.8290      0.9115        0.1926  41.1639
     13      0.9734        0.0948       0.8424      0.9151        0.1825  41.1454
     14      0.9746        0.0934       0.8333      0.9108        0.1882  41.1121
     15      0.9741        0.0933       0.8337      0.9117        0.1889  41.2673
     16      0.9748        0.0920       0.8382      0.9127        0.1857  41.2191
     17      0.9751        0.0913       0.8523      0.9191        0.1771  41.1624
     18      0.9763        0.0902       0.8516      0.9189        0.1751  41.1987
     19      0.9756        0.0896       0.8314      0.9098        0.1910  41.2218
     20      0.9752        0.0890       0.8356      0.9135        0.1889  41.1603
     21      0.9758        0.0884       0.8420      0.9150        0.1837  41.3218
     22      0.9768        0.0870       0.8484      0.9174        0.1794  41.2333
     23      0.9772        0.0862       0.8380      0.9129        0.1870  41.1323
     24      0.9768        0.0856       0.8351      0.9113        0.1893  41.2416
     25      0.9775        0.0852       0.8469      0.9166        0.1829  41.2310
     26      0.9779        0.0842       0.8406      0.9139        0.1852  41.1687
     27      0.9788        0.0833       0.8458      0.9157        0.1806  41.2234
     28      0.9787        0.0827       0.8370      0.9129        0.1871  41.2091
     29      0.9795        0.0817       0.8403      0.9136        0.1860  41.2171
     30      0.9790        0.0814       0.8299      0.9086        0.1950  41.2092
Stopping since valid_loss has not improved in the last 13 epochs.
Accuracy after query 12: 0.8307291666666666
F1 Score after query 12: 0.9143920966884136

Query 13: Using the exact images and labels from the CSV for this iteration.
Re-initializing module.
Re-initializing criterion.
Re-initializing optimizer.
  epoch    train_f1    train_loss    valid_acc    valid_f1    valid_loss      dur
-------  ----------  ------------  -----------  ----------  ------------  -------
      1      0.9741        0.0853       0.8356      0.8933        0.1767  66.9211
      2      0.9759        0.0831       0.8500      0.9137        0.1761  67.7614
      3      0.9765        0.0814       0.8545      0.9136        0.1733  67.7468
      4      0.9766        0.0802       0.8290      0.8812        0.1842  67.6894
      5      0.9778        0.0791       0.8547      0.9167        0.1746  67.6367
      6      0.9780        0.0778       0.8453      0.9137        0.1818  67.6769
      7      0.9788        0.0768       0.8472      0.9160        0.1827  67.8124
      8      0.9787        0.0755       0.8453      0.9151        0.1835  67.6314
      9      0.9797        0.0747       0.8481      0.9159        0.1821  67.6696
     10      0.9797        0.0733       0.8439      0.9090        0.1819  67.5576
     11      0.9802        0.0726       0.8411      0.9117        0.1852  67.6632
     12      0.9798        0.0718       0.8460      0.9152        0.1843  67.6792
     13      0.9805        0.0709       0.8486      0.9159        0.1838  67.5921
     14      0.9813        0.0700       0.8403      0.9080        0.1861  67.5585
     15      0.9813        0.0693       0.8370      0.9077        0.1889  67.5171
Stopping since valid_loss has not improved in the last 13 epochs.
Accuracy after query 13: 0.8236111111111111
F1 Score after query 13: 0.9126530549281956
Best F1 score across iterations: 0.9143920966884136
PS C:\Users\localuserSG\ActiveLearning\MultiLabel\imagesFroMullticlass\RandomSampling\DinoSmall>











