17.9290
     32      0.9723        0.1325       0.8304      0.9002        0.1813  17.9106
     33      0.9721        0.1324       0.8047      0.8897        0.2020  17.9288
     34      0.9718        0.1312       0.8280      0.8992        0.1820  17.8654
     35      0.9743        0.1298       0.8220      0.8965        0.1879  17.8949
     36      0.9741        0.1300       0.8269      0.8981        0.1847  17.8987
     37      0.9739        0.1288       0.8196      0.8952        0.1905  17.9072
     38      0.9736        0.1279       0.8226      0.8966        0.1872  17.8987
     39      0.9739        0.1284       0.8309      0.8999        0.1831  17.9125
Stopping since valid_loss has not improved in the last 13 epochs.
Accuracy after query 10: 0.815625
F1 Score after query 10: 0.9024183826633578
Model checkpoint saved to D:\Shubham\results\multilabel01\DinoSmall\RandomSampling\withseed\imagesFroMullticlass\model_checkpoint_iteration_9.pt

Query 11: Using the exact images and labels from the CSV for this iteration.
Number of samples used for training in Query 11 is 7200
Re-initializing module.
Re-initializing criterion.
Re-initializing optimizer.
  epoch    train_f1    train_loss    valid_acc    valid_f1    valid_loss      dur
-------  ----------  ------------  -----------  ----------  ------------  -------
      1      0.9626        0.1360       0.8375      0.8976        0.1652  26.2278
      2      0.9626        0.1357       0.8429      0.8974        0.1651  26.1121
      3      0.9659        0.1314       0.8384      0.8939        0.1656  26.2579
      4      0.9671        0.1301       0.8366      0.8988        0.1649  26.2439
      5      0.9670        0.1285       0.8415      0.8973        0.1627  26.3316
      6      0.9682        0.1259       0.8417      0.8909        0.1657  26.3550
      7      0.9685        0.1251       0.8413      0.8934        0.1637  26.3416
      8      0.9695        0.1239       0.8432      0.8956        0.1630  26.2894
      9      0.9693        0.1231       0.8439      0.8938        0.1640  26.2647
     10      0.9652        0.1272       0.8429      0.8907        0.1650  26.2882
     11      0.9704        0.1207       0.8411      0.8942        0.1623  26.2799
     12      0.9691        0.1213       0.8450      0.8937        0.1646  26.2652
     13      0.9722        0.1184       0.8432      0.8941        0.1631  26.1974
     14      0.9710        0.1178       0.8418      0.8836        0.1720  26.3047
     15      0.9715        0.1167       0.8453      0.8930        0.1650  26.2877
     16      0.9718        0.1155       0.8431      0.8869        0.1681  26.2936
     17      0.9724        0.1149       0.8413      0.8793        0.1767  26.2729
     18      0.9719        0.1147       0.8434      0.8869        0.1677  26.2812
     19      0.9735        0.1131       0.8448      0.8934        0.1632  26.3534
     20      0.9738        0.1111       0.8453      0.8889        0.1674  26.2886
     21      0.9728        0.1110       0.8444      0.8960        0.1616  26.2719
     22      0.9741        0.1099       0.8458      0.8960        0.1621  26.2262
     23      0.9732        0.1095       0.8450      0.8961        0.1614  26.2322
     24      0.9745        0.1081       0.8392      0.9006        0.1611  26.2835
     25      0.9737        0.1081       0.8450      0.9008        0.1588  26.2667
     26      0.9752        0.1064       0.8446      0.9017        0.1591  26.2650
     27      0.9759        0.1055       0.8450      0.8987        0.1595  26.1716
     28      0.9759        0.1044       0.8439      0.9013        0.1591  26.3174
     29      0.9760        0.1042       0.8438      0.9018        0.1586  26.2814
     30      0.9777        0.1029       0.8486      0.8980        0.1602  26.2953
     31      0.9776        0.1022       0.8457      0.9028        0.1586  26.2602
     32      0.9773        0.1017       0.8436      0.9023        0.1592  26.2605
     33      0.9772        0.1007       0.8450      0.9021        0.1583  26.2713
     34      0.9783        0.0999       0.8441      0.9022        0.1590  26.3115
     35      0.9801        0.0988       0.8422      0.9019        0.1610  26.2716
     36      0.9789        0.0987       0.8434      0.9025        0.1592  26.1896
     37      0.9791        0.0978       0.8472      0.9010        0.1579  26.2738
     38      0.9789        0.0983       0.8424      0.9019        0.1591  26.2656
     39      0.9800        0.0966       0.8446      0.9024        0.1586  26.2825
     40      0.9806        0.0957       0.8446      0.9024        0.1584  26.2541
     41      0.9804        0.0953       0.8484      0.9004        0.1578  26.3063
     42      0.9819        0.0943       0.8439      0.9029        0.1603  26.2949
     43      0.9815        0.0936       0.8448      0.9008        0.1580  26.2623
     44      0.9820        0.0928       0.8458      0.9003        0.1587  26.2732
     45      0.9823        0.0926       0.8462      0.8993        0.1589  26.2048
     46      0.9821        0.0916       0.8438      0.9033        0.1602  26.2559
     47      0.9831        0.0910       0.8438      0.9003        0.1592  26.3106
     48      0.9832        0.0905       0.8486      0.8996        0.1590  26.2845
     49      0.9836        0.0902       0.8477      0.8982        0.1597  26.2557
     50      0.9839        0.0894       0.8479      0.9001        0.1592  26.2213
     51      0.9837        0.0885       0.8448      0.9022        0.1604  26.2850
     52      0.9838        0.0881       0.8453      0.9001        0.1594  26.2566
     53      0.9835        0.0878       0.8378      0.9013        0.1641  26.2758
Stopping since valid_loss has not improved in the last 13 epochs.
Accuracy after query 11: 0.8166666666666667
F1 Score after query 11: 0.9026063565302044
Model checkpoint saved to D:\Shubham\results\multilabel01\DinoSmall\RandomSampling\withseed\imagesFroMullticlass\model_checkpoint_iteration_10.pt

Query 12: Using the exact images and labels from the CSV for this iteration.
Number of samples used for training in Query 12 is 12824
Re-initializing module.
Re-initializing criterion.
Re-initializing optimizer.
  epoch    train_f1    train_loss    valid_acc    valid_f1    valid_loss      dur
-------  ----------  ------------  -----------  ----------  ------------  -------
      1      0.9734        0.0981       0.8106      0.8935        0.1909  40.6629
      2      0.9771        0.0916       0.8042      0.8917        0.1998  40.8639
      3      0.9784        0.0900       0.8151      0.8955        0.1851  41.2030
      4      0.9797        0.0887       0.8411      0.9028        0.1610  41.2338
      5      0.9791        0.0878       0.8111      0.8935        0.1902  41.1575
      6      0.9803        0.0869       0.8432      0.9044        0.1631  41.1754
      7      0.9801        0.0860       0.8420      0.9043        0.1629  41.2077
      8      0.9800        0.0847       0.8385      0.9026        0.1638  41.1180
      9      0.9806        0.0841       0.8448      0.9055        0.1628  41.1637
     10      0.9818        0.0831       0.8446      0.9041        0.1621  41.1458
     11      0.9822        0.0821       0.8378      0.9002        0.1607  41.1484
     12      0.9822        0.0816       0.8432      0.9036        0.1607  41.1706
     13      0.9824        0.0805       0.8385      0.9021        0.1636  41.0931
     14      0.9824        0.0799       0.8384      0.9019        0.1643  41.0458
     15      0.9829        0.0791       0.8408      0.9029        0.1616  41.0976
     16      0.9834        0.0783       0.8345      0.9015        0.1674  41.0813
     17      0.9833        0.0777       0.8401      0.9025        0.1634  41.1114
     18      0.9828        0.0773       0.8359      0.9013        0.1643  41.1491
     19      0.9839        0.0764       0.8354      0.9017        0.1670  41.1913
     20      0.9840        0.0756       0.8340      0.8999        0.1672  41.1405
     21      0.9839        0.0752       0.8311      0.9004        0.1702  41.1731
     22      0.9846        0.0743       0.8325      0.9008        0.1695  41.1790
     23      0.9846        0.0737       0.8344      0.9001        0.1669  41.1495
Stopping since valid_loss has not improved in the last 13 epochs.
Accuracy after query 12: 0.8130208333333333
F1 Score after query 12: 0.9034498267992733
Model checkpoint saved to D:\Shubham\results\multilabel01\DinoSmall\RandomSampling\withseed\imagesFroMullticlass\model_checkpoint_iteration_11.pt

Query 13: Using the exact images and labels from the CSV for this iteration.
Number of samples used for training in Query 13 is 22824
Re-initializing module.
Re-initializing criterion.
Re-initializing optimizer.
  epoch    train_f1    train_loss    valid_acc    valid_f1    valid_loss      dur
3
      7      0.9811        0.0717       0.8517      0.8999        0.1518  70.7158
      8      0.9814        0.0704       0.8521      0.9016        0.1507  71.3752
      9      0.9817        0.0697       0.8550      0.9042        0.1498  71.3528
     10      0.9820        0.0688       0.8509      0.9045        0.1509  70.9429
     11      0.9821        0.0681       0.8531      0.9054        0.1518  68.6942
     12      0.9827        0.0672       0.8512      0.9022        0.1529  68.0965
     13      0.9826        0.0663       0.8495      0.9040        0.1539  69.7060
     14      0.9829        0.0657       0.8503      0.9029        0.1548  68.2237
     15      0.9830        0.0650       0.8502      0.9016        0.1529  67.8428
     16      0.9831        0.0643       0.8486      0.8980        0.1590  67.7800
     17      0.9837        0.0634       0.8493      0.9033        0.1590  67.9614
Stopping since valid_loss has not improved in the last 13 epochs.
Accuracy after query 13: 0.8192708333333333
F1 Score after query 13: 0.9015247204260217
Model checkpoint saved to D:\Shubham\results\multilabel01\DinoSmall\RandomSampling\withseed\imagesFroMullticlass\model_checkpoint_iteration_12.pt

Query 14: Using the exact images and labels from the CSV for this iteration.
Number of samples used for training in Query 14 is 26880
Re-initializing module.
Re-initializing criterion.
Re-initializing optimizer.
  epoch    train_f1    train_loss    valid_acc    valid_f1    valid_loss      dur
-------  ----------  ------------  -----------  ----------  ------------  -------
      1      0.9823        0.0635       0.8372      0.9015        0.1720  78.0896
      2      0.9831        0.0625       0.8375      0.9008        0.1698  78.5469
      3      0.9829        0.0621       0.8309      0.8984        0.1760  78.5565
      4      0.9839        0.0608       0.8285      0.8978        0.1850  78.4226
      5      0.9837        0.0604       0.8359      0.8978        0.1740  78.3469
      6      0.9839        0.0594       0.8321      0.8995        0.1795  78.3084
      7      0.9845        0.0589       0.8200      0.8956        0.1938  78.4334
      8      0.9848        0.0581       0.8283      0.8973        0.1843  78.4418
     13      0.9857        0.0548       0.8142      0.8913        0.2043  78.2253
     14      0.9857        0.0541       0.8135      0.8916        0.2107  78.2241
Best F1 score across iterations: 0.9118241249393889
PS C:\Users\localuserSG\ActiveLearning\Multilabel01\DinoSmall\imagesFromMulticlass\RandomSampling>











