23      0.4815        0.6255       0.3878      0.4110        0.6511  7.2924
     24      0.4972        0.6207       0.3905      0.4056        0.6502  7.2940
     25      0.5667        0.6087       0.3932      0.3978        0.6494  7.2889
     26      0.5202        0.6221       0.3969      0.3826        0.6484  7.3060
     27      0.5794        0.6072       0.3986      0.3733        0.6478  7.2787
     28      0.5758        0.6206       0.4062      0.3666        0.6472  7.2778
     29      0.4580        0.6259       0.4113      0.3493        0.6460  7.2831
     30      0.7593        0.6055       0.4168      0.3416        0.6453  7.2611
     31      0.5087        0.6187       0.4208      0.3215        0.6445  7.2419
     32      0.6151        0.6073       0.4234      0.3017        0.6437  7.2568
     33      0.5676        0.5964       0.4262      0.2894        0.6431  7.2656
     34      0.5205        0.6081       0.4302      0.2788        0.6428  7.2933
     35      0.6964        0.6186       0.4380      0.2655        0.6423  7.2804
     36      0.4893        0.5956       0.4410      0.2594        0.6417  7.2924
     37      0.3704        0.6046       0.4434      0.2557        0.6411  7.2734
     38      0.4520        0.5981       0.4453      0.2493        0.6403  7.2949
     39      0.5655        0.6037       0.4474      0.2488        0.6396  7.2822
     40      0.5238        0.5865       0.4540      0.2463        0.6392  7.2769
     41      0.3492        0.6149       0.4604      0.2410        0.6387  7.2932
     42      0.5132        0.5926       0.4707      0.2369        0.6384  7.2704
     43      0.5242        0.5896       0.4753      0.2320        0.6381  7.2807
     44      0.5972        0.5799       0.4757      0.2283        0.6379  7.3124
     45      0.4676        0.5977       0.4748      0.2206        0.6376  7.2800
     46      0.3580        0.5949       0.4795      0.2196        0.6374  7.2802
     47      0.6629        0.5968       0.4804      0.2154        0.6371  7.2832
     48      0.5111        0.5916       0.4811      0.2131        0.6366  7.2751
     49      0.4683        0.5955       0.4832      0.2113        0.6364  7.2687
     50      0.3829        0.5906       0.4833      0.2082        0.6360  7.2801
     51      0.2889        0.5814       0.4835      0.2074        0.6358  7.3090
     52      0.3316        0.5853       0.4861      0.2048        0.6357  7.2813
     53      0.5852        0.5997       0.4861      0.2010        0.6356  7.2920
     54      0.5664        0.5756       0.4858      0.2002        0.6355  7.2855
     55      0.2750        0.5912       0.4845      0.1988        0.6350  7.2939
     56      0.2384        0.5872       0.4877      0.1973        0.6346  7.2989
     57      0.3294        0.5864       0.4882      0.1966        0.6344  7.2800
     58      0.2384        0.5946       0.4859      0.1944        0.6343  7.3164
     59      0.4683        0.5763       0.4877      0.1950        0.6339  7.3033
     60      0.4324        0.5829       0.4880      0.1927        0.6336  7.3021
     61      0.6364        0.5742       0.4872      0.1943        0.6330  7.2708
     62      0.4889        0.5807       0.4861      0.1931        0.6327  7.2861
     63      0.4444        0.5896       0.4856      0.1919        0.6324  7.2729
     64      0.4127        0.5793       0.4866      0.1909        0.6322  7.2774
     65      0.3117        0.5760       0.4877      0.1900        0.6322  7.2661
     66      0.1212        0.5894       0.4877      0.1897        0.6319  7.2703
     67      0.4069        0.5803       0.4884      0.1889        0.6318  7.2821
     68      0.3111        0.5779       0.4882      0.1881        0.6316  7.2907
     69      0.6349        0.5760       0.4856      0.1891        0.6313  7.2857
     70      0.2889        0.5803       0.4859      0.1883        0.6313  7.2734
     71      0.4127        0.5678       0.4863      0.1872        0.6313  7.2760
     72      0.2929        0.5740       0.4863      0.1866        0.6312  7.2646
     73      0.4889        0.5753       0.4866      0.1862        0.6311  7.2960
     74      0.5952        0.5718       0.4852      0.1860        0.6308  7.2714
     75      0.3956        0.5720       0.4832      0.1859        0.6304  7.2895
     76      0.4952        0.5754       0.4832      0.1836        0.6305  7.2844
     77      0.2444        0.5742       0.4828      0.1829        0.6303  7.2799
     78      0.2745        0.5669       0.4840      0.1833        0.6302  7.2792
     79      0.3407        0.5700       0.4845      0.1824        0.6300  7.2770
     80      0.5361        0.5655       0.4833      0.1811        0.6298  7.2424
     81      0.3593        0.5595       0.4830      0.1805        0.6297  7.2698
     82      0.2083        0.5734       0.4842      0.1796        0.6295  7.2569
     83      0.3804        0.5615       0.4837      0.1781        0.6295  7.2779
     84      0.3122        0.5852       0.4849      0.1779        0.6294  7.2951
     85      0.3111        0.5725       0.4842      0.1764        0.6296  7.3067
     86      0.5316        0.5684       0.4847      0.1758        0.6295  7.2879
     87      0.2889        0.5585       0.4842      0.1745        0.6295  7.2950
     88      0.3407        0.5576       0.4842      0.1740        0.6296  7.3001
     89      0.2689        0.5687       0.4866      0.1695        0.6296  7.2913
     90      0.4571        0.5642       0.4875      0.1691        0.6293  7.2913
     91      0.4233        0.5682       0.4875      0.1697        0.6292  7.2892
     92      0.3111        0.5713       0.4872      0.1693        0.6292  7.2689
     93      0.5026        0.5552       0.4877      0.1662        0.6294  7.2824
     94      0.3434        0.5673       0.4870      0.1680        0.6292  7.2889
     95      0.5031        0.5688       0.4859      0.1710        0.6285  7.2831
     96      0.3122        0.5613       0.4856      0.1717        0.6288  7.2605
     97      0.4352        0.5550       0.4863      0.1710        0.6288  7.2829
     98      0.4597        0.5660       0.4873      0.1707        0.6284  7.2699
     99      0.2519        0.5701       0.4870      0.1701        0.6282  7.2914
    100      0.2381        0.5579       0.4877      0.1700        0.6280  7.2874
Accuracy after query 2: 0.4666666666666667
F1 Score after query 2: 0.15072195197282062

Query 3: Using the exact images and labels from the CSV for this iteration.
Re-initializing module.
Re-initializing criterion.
Re-initializing optimizer.
  epoch    train_f1    train_loss    valid_acc    valid_f1    valid_loss     dur
-------  ----------  ------------  -----------  ----------  ------------  ------
      1      0.3005        0.6173       0.4854      0.1740        0.6269  7.3812
      2      0.2241        0.6244       0.4814      0.1803        0.6251  7.3644
      3      0.3121        0.6197       0.4783      0.1836        0.6238  7.3671
      4      0.2806        0.6213       0.4738      0.1857        0.6223  7.3723
      5      0.2481        0.6234       0.4714      0.1870        0.6211  7.3724
      6      0.1893        0.6196       0.4672      0.1874        0.6198  7.3573
      7      0.3532        0.6118       0.4639      0.1882        0.6186  7.3583
      8      0.2383        0.6202       0.4606      0.1884        0.6174  7.3640
      9      0.3068        0.6208       0.4575      0.1885        0.6161  7.3674
     10      0.2259        0.6253       0.4536      0.1890        0.6147  7.3620
     11      0.3266        0.6110       0.4484      0.1878        0.6134  7.3376
     12      0.3176        0.6150       0.4450      0.1871        0.6123  7.3500
     13      0.3863        0.6186       0.4420      0.1866        0.6111  7.3453
     14      0.3445        0.6047       0.4356      0.1855        0.6099  7.3449
     15      0.3503        0.6064       0.4321      0.1850        0.6090  7.3385
     16      0.2922        0.6219       0.4257      0.1838        0.6078  7.3662
     17      0.3518        0.6148       0.4226      0.1834        0.6067  7.3451
     18      0.2853        0.6097       0.4208      0.1830        0.6059  7.3461
     19      0.2962        0.6115       0.4177      0.1824        0.6048  7.3569
     20      0.2897        0.6099       0.4160      0.1821        0.6039  7.3548
     21      0.2946        0.6079       0.4128      0.1815        0.6028  7.3427
     22      0.2352        0.6115       0.4094      0.1810        0.6012  7.3685
     23      0.3394        0.6021       0.4083      0.1808        0.6003  7.3788
     24      0.3380        0.6008       0.4061      0.1804        0.5993  7.3594
     25      0.3503        0.6062       0.4059      0.1803        0.5985  7.3615
     26      0.2920        0.6055       0.4049      0.1799        0.5974  7.3576
     27      0.3309        0.6020       0.4057      0.1800        0.5964  7.3382
     28      0.3484        0.5991       0.4056      0.1800        0.5955  7.3291
     29      0.3413        0.6019       0.4045      0.1798        0.5949  7.3236
     30      0.3530        0.5967       0.4043      0.1798        0.5940  7.3213
     31      0.3235        0.6008       0.4040      0.1798        0.5929  7.3452
     32      0.3718        0.5957       0.4035      0.1797        0.5921  7.3693
     33      0.3484        0.5984       0.4033      0.1797        0.5912  7.3576
     34      0.3282        0.6021       0.4031      0.1796        0.5902  7.3761
     35      0.4277        0.5969       0.4038      0.1798        0.5895  7.3453
     36      0.3620        0.6070       0.4045      0.1799        0.5890  7.3702
     37      0.4198        0.5894       0.4030      0.1796        0.5882  7.3814
     38      0.3122        0.5927       0.4043      0.1801        0.5874  7.3616
     39      0.3178        0.5960       0.4021      0.1800        0.5863  7.3789
     40      0.3972        0.5979       0.4019      0.1804        0.5855  7.3582
     41      0.3488        0.5886       0.4023      0.1811        0.5845  7.3571
     42      0.4246        0.6013       0.4023      0.1808        0.5837  7.3426
     43      0.3933        0.5942       0.4017      0.1820        0.5827  7.3612
     44      0.3172        0.5887       0.4023      0.1834        0.5818  7.3405
     45      0.3627        0.5926       0.4016      0.1843        0.5811  7.3448
     46      0.3219        0.5940       0.4030      0.1866        0.5802  7.3367
     47      0.3868        0.5936       0.4028      0.1884        0.5794  7.3407
     48      0.4334        0.5913       0.4017      0.1905        0.5786  7.3773
     49      0.3615        0.5828       0.4012      0.1935        0.5778  7.3610
     50      0.3341        0.5913       0.4017      0.1970        0.5770  7.3639
     51      0.4109        0.5862       0.4030      0.2000        0.5763  7.3883
     52      0.3947        0.5868       0.4049      0.2030        0.5755  7.3867
     53      0.5176        0.5794       0.4068      0.2042        0.5748  7.3735
     54      0.3846        0.5917       0.4076      0.2070        0.5741  7.3603
     55      0.4603        0.5873       0.4089      0.2089        0.5734  7.3715
     56      0.3479        0.5900       0.4118      0.2139        0.5723  7.3399
     57      0.5035        0.5728       0.4125      0.2186        0.5715  7.3709
     58      0.3757        0.5835       0.4125      0.2208        0.5709  7.3451
     59      0.3207        0.5947       0.4135      0.2265        0.5701  7.3547
     60      0.4389        0.5812       0.4148      0.2300        0.5693  7.3419
     61      0.4771        0.5787       0.4153      0.2308        0.5687  7.3361
     62      0.4244        0.5723       0.4160      0.2324        0.5681  7.3190
     63      0.4952        0.5769       0.4168      0.2384        0.5672  7.3395
     64      0.4663        0.5814       0.4175      0.2512        0.5663  7.3589
     65      0.5328        0.5728       0.4181      0.2584        0.5656  7.3559
     66      0.4735        0.5727       0.4201      0.2652        0.5648  7.3597
     67      0.3832        0.5721       0.4215      0.2756        0.5640  7.3716
     68      0.4645        0.5788       0.4226      0.2813        0.5632  7.3550
     69      0.4802        0.5700       0.4253      0.2873        0.5624  7.3436
     70      0.7429        0.5772       0.4259      0.2856        0.5616  7.3589
     71      0.3974        0.5740       0.4288      0.2944        0.5607  7.3489
     72      0.4542        0.5724       0.4316      0.2999        0.5599  7.3438
     73      0.5001        0.5654       0.4345      0.3140        0.5589  7.3651
     74      0.4417        0.5689       0.4378      0.3160        0.5581  7.3644
     75      0.4321        0.5726       0.4422      0.3168        0.5572  7.3639
     76      0.5413        0.5675       0.4451      0.3264        0.5563  7.3418
     77      0.4055        0.5683       0.4497      0.3354        0.5554  7.3407
     78      0.4847        0.5683       0.4536      0.3404        0.5546  7.3240
     79      0.4758        0.5669       0.4568      0.3502        0.5538  7.3246
     80      0.4856        0.5676       0.4613      0.3629        0.5530  7.3510
     81      0.5392        0.5620       0.4635      0.3664        0.5522  7.3537
     82      0.4290        0.5647       0.4696      0.3838        0.5514  7.3711
     83      0.4875        0.5665       0.4753      0.3916        0.5505  7.3822
     84      0.5800        0.5605       0.4793      0.3978        0.5495  7.3860
     85      0.5060        0.5592       0.4825      0.4100        0.5487  7.3876
     86      0.4274        0.5649       0.4858      0.4153        0.5478  7.3398
     87      0.4756        0.5617       0.4906      0.4259        0.5468  7.3667
     88      0.4994        0.5619       0.4922      0.4293        0.5459  7.3560
     89      0.5720        0.5587       0.4941      0.4286        0.5451  7.3400
     90      0.6597        0.5506       0.4960      0.4358        0.5440  7.3668
     91      0.5862        0.5566       0.5000      0.4533        0.5429  7.3711
     92      0.6199        0.5423       0.5045      0.4678        0.5420  7.3542
     93      0.5514        0.5459       0.5080      0.4718        0.5409  7.3214
     94      0.6465        0.5497       0.5099      0.4804        0.5399  7.3418
     95      0.5660        0.5538       0.5191      0.4792        0.5388  7.3368
     96      0.5831        0.5470       0.5252      0.4809        0.5378  7.3723
     97      0.6472        0.5434       0.5259      0.4825        0.5368  7.3580
     98      0.6093        0.5471       0.5286      0.4968        0.5354  7.3744
     99      0.5526        0.5559       0.5304      0.5037        0.5344  7.3566
    100      0.5938        0.5498       0.5328      0.5139        0.5332  7.3604
Accuracy after query 3: 0.5324652777777777
F1 Score after query 3: 0.5223207575303191

Query 4: Using the exact images and labels from the CSV for this iteration.
Re-initializing module.
Re-initializing criterion.
Re-initializing optimizer.
  epoch    train_f1    train_loss    valid_acc    valid_f1    valid_loss     dur
-------  ----------  ------------  -----------  ----------  ------------  ------
      1      0.5107        0.5708       0.5340      0.5196        0.5322  7.5109
      2      0.5768        0.5708       0.5358      0.5283        0.5310  7.4921
      3      0.5463        0.5721       0.5377      0.5331        0.5295  7.5117
      4      0.5412        0.5681       0.5429      0.5475        0.5282  7.5171
      5      0.5959        0.5630       0.5441      0.5545        0.5269  7.4768
      6      0.5761        0.5714       0.5470      0.5598        0.5256  7.5080
      7      0.5999        0.5698       0.5543      0.5597        0.5242  7.5103
      8      0.6009        0.5609       0.5575      0.5660        0.5228  7.4748
      9      0.6105        0.5575       0.5611      0.5737        0.5214  7.4874
     10      0.5501        0.5683       0.5641      0.5719        0.5200  7.4609
     11      0.5891        0.5631       0.5668      0.5732        0.5187  7.5037
     12      0.6174        0.5619       0.5712      0.5823        0.5173  7.4945
     13      0.6365        0.5567       0.5736      0.5827        0.5159  7.5047
     14      0.6201        0.5572       0.5771      0.5889        0.5144  7.5125
     15      0.5785        0.5658       0.5828      0.5952        0.5130  7.5058
     16      0.6195        0.5519       0.5866      0.6068        0.5117  7.4982
     17      0.5665        0.5623       0.5913      0.6148        0.5101  7.4953
     18      0.6375        0.5526       0.5967      0.6251        0.5087  7.5034
     19      0.6465        0.5530       0.5981      0.6283        0.5073  7.4970
     20      0.5980        0.5513       0.6031      0.6306        0.5059  7.5213
     21      0.6513        0.5483       0.6066      0.6358        0.5046  7.4910
     22      0.6695        0.5478       0.6120      0.6380        0.5031  7.5164
     23      0.6842        0.5433       0.6130      0.6441        0.5016  7.4955
     24      0.6380        0.5493       0.6193      0.6462        0.5001  7.4530
     25      0.6131        0.5504       0.6215      0.6573        0.4986  7.4844
     26      0.6848        0.5420       0.6269      0.6644        0.4973  7.4805
     27      0.6324        0.5412       0.6318      0.6559        0.4960  7.4908
     28      0.6425        0.5437       0.6344      0.6607        0.4946  7.5110
     29      0.6464        0.5453       0.6375      0.6696        0.4931  7.5015
     30      0.6799        0.5402       0.6413      0.6783        0.4917  7.5014
     31      0.6742        0.5415       0.6432      0.6875        0.4900  7.4898
     32      0.7440        0.5365       0.6458      0.6912        0.4887  7.4986
     33      0.6772        0.5404       0.6498      0.7007        0.4872  7.5002
     34      0.7151        0.5338       0.6557      0.7067        0.4858  7.4860
     35      0.6734        0.5327       0.6637      0.7043        0.4846  7.4897
     36      0.6223        0.5406       0.6675      0.7051        0.4833  7.4994
     37      0.7029        0.5362       0.6670      0.7151        0.4818  7.5104
     38      0.6772        0.5328       0.6703      0.7235        0.4805  7.4979
     39      0.7233        0.5338       0.6731      0.7256        0.4791  7.5224
     40      0.7086        0.5332       0.6762      0.7238        0.4778  7.4894
     41      0.7185        0.5254       0.6778      0.7229        0.4766  7.4805
     42      0.6920        0.5279       0.6793      0.7341        0.4750  7.4862
     43      0.6963        0.5218       0.6816      0.7370        0.4737  7.4966
     44      0.7374        0.5208       0.6830      0.7386        0.4725  7.5130
     45      0.7008        0.5278       0.6839      0.7410        0.4713  7.5064
     46      0.7819        0.5168       0.6835      0.7457        0.4699  7.5027
     47      0.7350        0.5206       0.6865      0.7480        0.4686  7.5315
     48      0.7053        0.5227       0.6889      0.7485        0.4672  7.4929
     49      0.6848        0.5239       0.6908      0.7525        0.4659  7.4979
     50      0.7326        0.5207       0.6891      0.7543        0.4647  7.5070
     51      0.7231        0.5157       0.6927      0.7565        0.4634  7.5098
     52      0.7808        0.5154       0.6931      0.7582        0.4621  7.4944
     53      0.7195        0.5141       0.6951      0.7644        0.4608  7.5157
     54      0.7566        0.5114       0.6937      0.7671        0.4595  7.5213
     55      0.7134        0.5137       0.6944      0.7721        0.4585  7.4877
     56      0.7523        0.5133       0.6962      0.7724        0.4573  7.4831
     57      0.7524        0.5092       0.6991      0.7736        0.4561  7.4642
     58      0.7921        0.5082       0.7012      0.7739        0.4553  7.4790
     59      0.7911        0.5077       0.7000      0.7762        0.4541  7.4944
     60      0.7625        0.5112       0.6998      0.7763        0.4531  7.4920
     61      0.7619        0.4990       0.7014      0.7791        0.4517  7.4797
     62      0.7849        0.5060       0.7042      0.7805        0.4507  7.4893
     63      0.7972        0.5042       0.7043      0.7840        0.4495  7.5029
     64      0.7389        0.5065       0.6997      0.7879        0.4481  7.4967
     65      0.7827        0.4995       0.7052      0.7858        0.4474  7.4918
     66      0.8074        0.4996       0.7083      0.7867        0.4465  7.4941
     67      0.7593        0.5066       0.7050      0.7890        0.4452  7.4906
     68      0.7828        0.4963       0.7054      0.7887        0.4444  7.5157
     69      0.7780        0.4944       0.7038      0.7912        0.4431  7.4758
     70      0.7988        0.4984       0.7028      0.7930        0.4419  7.4832
     71      0.7912        0.4960       0.7031      0.7951        0.4409  7.4896
     72      0.7772        0.4996       0.7033      0.7919        0.4402  7.4756
     73      0.8012        0.4920       0.7050      0.7920        0.4393  7.4771
     74      0.8447        0.4915       0.7064      0.7922        0.4385  7.4799
     75      0.7678        0.4973       0.7059      0.7924        0.4376  7.4931
     76      0.7938        0.4960       0.7047      0.7931        0.4366  7.5313
     77      0.8085        0.4907       0.7068      0.7979        0.4354  7.5071
     78      0.8161        0.4922       0.7063      0.7978        0.4345  7.5563
     79      0.8099        0.4907       0.7059      0.7976        0.4339  7.5226
     80      0.8467        0.4850       0.7066      0.7962        0.4334  7.4955
     81      0.8222        0.4855       0.7061      0.7983        0.4324  7.5254
     82      0.8108        0.4823       0.7061      0.7996        0.4314  7.4953
     83      0.8099        0.4925       0.7064      0.8002        0.4303  7.5130
     84      0.8398        0.4881       0.7063      0.8023        0.4293  7.5171
     85      0.8404        0.4823       0.7057      0.8017        0.4285  7.5183
     86      0.8286        0.4849       0.7061      0.8020        0.4278  7.5264
     87      0.8207        0.4774       0.7054      0.8009        0.4274  7.5132
     88      0.8003        0.4842       0.7036      0.8026        0.4263  7.5093
     89      0.8300        0.4862       0.7050      0.8010        0.4259  7.4814
     90      0.8431        0.4817       0.7059      0.8020        0.4251  7.5005
     91      0.8225        0.4822       0.7049      0.8054        0.4240  7.5063
     92      0.8277        0.4745       0.7012      0.8076        0.4230  7.5028
     93      0.8164        0.4787       0.7059      0.8012        0.4234  7.4905
     94      0.8443        0.4773       0.7063      0.8017        0.4228  7.5091
     95      0.8067        0.4786       0.7059      0.8056        0.4215  7.5108
     96      0.8388        0.4788       0.7059      0.8012        0.4218  7.5084
     97      0.8466        0.4766       0.7059      0.8047        0.4206  7.5113
     98      0.8113        0.4720       0.7036      0.8049        0.4197  7.5181
     99      0.8374        0.4777       0.7028      0.8059        0.4189  7.5190
    100      0.8507        0.4740       0.7040      0.8045        0.4186  7.5161
Accuracy after query 4: 0.7361111111111112
F1 Score after query 4: 0.8290943529798055

Query 5: Using the exact images and labels from the CSV for this iteration.
Re-initializing module.
Re-initializing criterion.
Re-initializing optimizer.
  epoch    train_f1    train_loss    valid_acc    valid_f1    valid_loss     dur
-------  ----------  ------------  -----------  ----------  ------------  ------
      1      0.8609        0.4668       0.6995      0.7986        0.4180  7.7755
      2      0.8621        0.4711       0.6993      0.7988        0.4168  7.7628
      3      0.8488        0.4665       0.6991      0.8061        0.4135  7.7592
      4      0.8701        0.4638       0.6981      0.7989        0.4145  7.7445
      5      0.8537        0.4645       0.6979      0.8043        0.4111  7.7795
      6      0.8546        0.4638       0.6970      0.8073        0.4088  7.7502
      7      0.8649        0.4580       0.6960      0.8084        0.4073  7.7618
      8      0.8539        0.4592       0.6951      0.8029        0.4076  7.7630
      9      0.8626        0.4611       0.6953      0.8052        0.4060  7.7707
     10      0.8770        0.4577       0.6955      0.8103        0.4036  7.7950
     11      0.8788        0.4550       0.6976      0.8131        0.4021  7.7744
     12      0.8898        0.4486       0.6969      0.8130        0.4015  7.7986
     13      0.8801        0.4510       0.6974      0.8141        0.4003  7.7820
     14      0.8797        0.4521       0.6929      0.8071        0.4012  7.8044
     15      0.8605        0.4514       0.6944      0.8159        0.3974  7.7952
     16      0.8676        0.4525       0.6944      0.8127        0.3979  7.7838
     17      0.8843        0.4494       0.6934      0.8145        0.3967  7.7854
     18      0.8863        0.4486       0.6946      0.8182        0.3947  7.7405
     19      0.8704        0.4454       0.6925      0.8135        0.3953  7.7614
     20      0.8792        0.4459       0.6920      0.8145        0.3941  7.7473
     21      0.9080        0.4440       0.6931      0.8186        0.3924  7.7535
     22      0.8812        0.4391       0.6911      0.8241        0.3903  7.7922
     23      0.8965        0.4391       0.6917      0.8185        0.3911  7.7777
     24      0.8890        0.4393       0.6929      0.8188        0.3906  7.7777
     25      0.8778        0.4382       0.6931      0.8236        0.3885  7.7763
     26      0.9003        0.4362       0.6918      0.8213        0.3883  7.7666
     27      0.8869        0.4390       0.6936      0.8228        0.3874  7.7756
     28      0.8762        0.4384       0.6944      0.8253        0.3861  7.7616
     29      0.8906        0.4350       0.6943      0.8267        0.3854  7.7909
     30      0.8912        0.4351       0.6957      0.8280        0.3844  7.7659
     31      0.8832        0.4349       0.6964      0.8297        0.3836  7.7775
     32      0.8921        0.4321       0.6957      0.8273        0.3835  7.7616
     33      0.9014        0.4291       0.6951      0.8267        0.3832  7.7862
     34      0.9000        0.4323       0.6965      0.8301        0.3817  7.7691
     35      0.8872        0.4319       0.6964      0.8302        0.3810  7.7569
     36      0.8880        0.4271       0.6977      0.8322        0.3800  7.7743
     37      0.8848        0.4315       0.6958      0.8299        0.3800  7.7726
     38      0.8909        0.4251       0.6948      0.8315        0.3785  7.7843
     39      0.8917        0.4270       0.6977      0.8326        0.3781  7.7973
     40      0.9115        0.4227       0.6951      0.8320        0.3773  7.9879
     41      0.9048        0.4283       0.6951      0.8346        0.3763  7.8697
     42      0.8921        0.4217       0.6977      0.8319        0.3770  7.8223
     43      0.8971        0.4244       0.6974      0.8333        0.3759  7.7962
     44      0.8777        0.4256       0.6965      0.8348        0.3748  7.8147
     45      0.9004        0.4207       0.6964      0.8358        0.3742  7.8147
     46      0.8982        0.4250       0.6972      0.8333        0.3746  7.8108
     47      0.8877        0.4209       0.6981      0.8345        0.3739  7.8187
     48      0.8944        0.4218       0.6953      0.8309        0.3743  7.7800
     49      0.8924        0.4194       0.6981      0.8359        0.3724  7.7742
     50      0.9103        0.4179       0.6988      0.8361        0.3719  7.7755
     51      0.8949        0.4201       0.6977      0.8334        0.3723  7.7798
     52      0.8859        0.4195       0.6969      0.8374        0.3703  7.7979
     53      0.8958        0.4164       0.6970      0.8374        0.3700  7.8000
     54      0.8894        0.4138       0.6986      0.8378        0.3696  7.7978
     55      0.8984        0.4124       0.6995      0.8380        0.3693  7.8076
     56      0.8944        0.4147       0.7002      0.8385        0.3690  7.7860
     57      0.8987        0.4140       0.6983      0.8387        0.3679  7.7871
     58      0.9153        0.4097       0.6993      0.8381        0.3681  7.7929
     59      0.9104        0.4112       0.6991      0.8385        0.3675  7.7910
     60      0.8979        0.4100       0.6988      0.8393        0.3666  7.7935
     61      0.8985        0.4077       0.6981      0.8378        0.3666  7.7946
     62      0.8916        0.4097       0.6979      0.8384        0.3658  7.8012
     63      0.9042        0.4068       0.6993      0.8399        0.3651  7.7866
     64      0.8858        0.4091       0.6988      0.8413        0.3644  7.7791
     65      0.8995        0.4068       0.6990      0.8395        0.3643  7.7642
     66      0.8920        0.4069       0.6981      0.8384        0.3642  7.7629
     67      0.8960        0.4074       0.7009      0.8386        0.3643  7.7699
     68      0.8833        0.4055       0.7009      0.8440        0.3623  7.7968
     69      0.8919        0.4028       0.7010      0.8423        0.3621  7.8149
     70      0.9093        0.4048       0.7002      0.8403        0.3623  7.7769
     71      0.9136        0.4005       0.7014      0.8423        0.3613  7.8032
     72      0.8979        0.4043       0.7016      0.8419        0.3611  7.8075
     73      0.8992        0.4041       0.7019      0.8427        0.3605  7.7812
     74      0.8978        0.4032       0.7024      0.8449        0.3597  7.7948
     75      0.9022        0.4002       0.7005      0.8403        0.3603  7.8093
     76      0.8953        0.4006       0.7035      0.8446        0.3589  7.7954
     77      0.9058        0.3994       0.7007      0.8407        0.3594  7.7973
     78      0.9088        0.4018       0.7033      0.8442        0.3583  7.7835
     79      0.9103        0.3982       0.7014      0.8417        0.3586  7.7949
     80      0.9126        0.3979       0.7028      0.8445        0.3576  7.7645
     81      0.9156        0.3952       0.7040      0.8474        0.3569  7.7759
     82      0.9048        0.3937       0.7019      0.8434        0.3572  7.7746
     83      0.8906        0.3945       0.7033      0.8453        0.3565  7.8138
     84      0.9079        0.3967       0.7030      0.8451        0.3560  7.8003
     85      0.9034        0.3930       0.7028      0.8452        0.3555  7.8077
     86      0.9004        0.3931       0.7002      0.8419        0.3557  7.8073
     87      0.9088        0.3946       0.7030      0.8458        0.3546  7.8185
     88      0.9153        0.3886       0.7033      0.8445        0.3547  7.8094
     89      0.9069        0.3909       0.7016      0.8432        0.3544  7.8036
     90      0.9153        0.3910       0.7042      0.8456        0.3535  7.8115
     91      0.8889        0.3939       0.7038      0.8455        0.3533  7.7996
     92      0.9099        0.3899       0.7043      0.8470        0.3526  7.7737
     93      0.9067        0.3892       0.7042      0.8456        0.3525  7.7944
     94      0.9108        0.3921       0.7042      0.8457        0.3522  7.7928
     95      0.9119        0.3860       0.7040      0.8464        0.3516  7.7688
     96      0.9059        0.3870       0.7040      0.8456        0.3517  7.7715
     97      0.9099        0.3884       0.7003      0.8425        0.3519  7.7741
     98      0.8970        0.3878       0.7063      0.8475        0.3507  7.7815
     99      0.9076        0.3864       0.7068      0.8479        0.3503  7.7866
    100      0.9028        0.3867       0.7009      0.8427        0.3512  7.8139
Accuracy after query 5: 0.7552083333333334
F1 Score after query 5: 0.8636050859017455

Query 6: Using the exact images and labels from the CSV for this iteration.
Re-initializing module.
Re-initializing criterion.
Re-initializing optimizer.
  epoch    train_f1    train_loss    valid_acc    valid_f1    valid_loss     dur
-------  ----------  ------------  -----------  ----------  ------------  ------
      1      0.8917        0.3910       0.7064      0.8508        0.3487  8.2264
      2      0.8905        0.3867       0.7068      0.8499        0.3480  8.2540
      3      0.8916        0.3889       0.7075      0.8512        0.3472  8.2509
      4      0.8997        0.3893       0.7094      0.8525        0.3466  8.2730
      5      0.9009        0.3901       0.7095      0.8528        0.3460  8.2657
      6      0.9020        0.3860       0.7104      0.8532        0.3453  8.2686
      7      0.8962        0.3858       0.7109      0.8530        0.3447  8.2665
      8      0.8935        0.3840       0.7109      0.8530        0.3442  8.2229
      9      0.8915        0.3848       0.7118      0.8538        0.3436  8.2414
     10      0.8945        0.3827       0.7113      0.8528        0.3430  8.2331
     11      0.8982        0.3815       0.7113      0.8528        0.3424  8.2410
     12      0.8963        0.3817       0.7123      0.8543        0.3420  8.2421
     13      0.8988        0.3790       0.7101      0.8517        0.3414  8.2845
     14      0.8962        0.3783       0.7122      0.8544        0.3413  8.2696
     15      0.8955        0.3780       0.7118      0.8530        0.3404  8.2571
     16      0.8949        0.3814       0.7106      0.8522        0.3399  8.2809
     17      0.9027        0.3743       0.7132      0.8553        0.3400  8.2533
     18      0.8959        0.3765       0.7125      0.8532        0.3389  8.2349
     19      0.8999        0.3751       0.7128      0.8536        0.3385  8.2694
     20      0.9045        0.3735       0.7125      0.8531        0.3380  8.2816
     21      0.9014        0.3741       0.7135      0.8537        0.3376  8.2896
     22      0.9068        0.3730       0.7106      0.8511        0.3372  8.2763
     23      0.8964        0.3738       0.7125      0.8544        0.3368  8.2572
     24      0.9015        0.3728       0.7123      0.8532        0.3362  8.2363
     25      0.9073        0.3687       0.7132      0.8549        0.3360  8.2410
     26      0.9083        0.3707       0.7123      0.8519        0.3353  8.2569
     27      0.8992        0.3687       0.7122      0.8535        0.3349  8.2943
     28      0.8991        0.3708       0.7120      0.8518        0.3345  8.2543
     29      0.9056        0.3689       0.7128      0.8546        0.3342  8.2586
     30      0.9029        0.3706       0.7125      0.8521        0.3337  8.3686
     31      0.9075        0.3689       0.7135      0.8551        0.3336  8.2546
     32      0.9056        0.3673       0.7125      0.8529        0.3329  8.2228
     33      0.9098        0.3669       0.7146      0.8526        0.3327  8.2330
     34      0.9038        0.3672       0.7122      0.8519        0.3321  8.2363
     35      0.9049        0.3667       0.7120      0.8526        0.3318  8.2652
     36      0.9011        0.3664       0.7120      0.8522        0.3315  8.2316
     37      0.9112        0.3625       0.7122      0.8526        0.3311  8.2160
     38      0.8990        0.3648       0.7125      0.8523        0.3308  8.2118
     39      0.9064        0.3636       0.7128      0.8525        0.3304  8.2216
     40      0.8989        0.3633       0.7148      0.8531        0.3301  8.2106
     41      0.9038        0.3635       0.7122      0.8530        0.3297  8.2260
     42      0.9037        0.3594       0.7120      0.8527        0.3292  8.2200
     43      0.9061        0.3619       0.7123      0.8531        0.3289  8.2054
     44      0.9069        0.3608       0.7135      0.8530        0.3285  8.2583
     45      0.9076        0.3596       0.7132      0.8526        0.3282  8.2219
     46      0.9054        0.3608       0.7130      0.8525        0.3278  8.2283
     47      0.9055        0.3583       0.7127      0.8528        0.3275  8.2105
     48      0.9095        0.3593       0.7135      0.8532        0.3271  8.2439
     49      0.8981        0.3584       0.7163      0.8517        0.3273  8.2363
     50      0.9051        0.3583       0.7137      0.8531        0.3264  8.2219
     51      0.9079        0.3585       0.7142      0.8536        0.3260  8.2457
     52      0.9101        0.3566       0.7153      0.8537        0.3257  8.2309
     53      0.9110        0.3569       0.7144      0.8535        0.3253  8.2012
     54      0.9070        0.3561       0.7148      0.8534        0.3250  8.1948
     55      0.9023        0.3548       0.7161      0.8539        0.3248  8.1984
     56      0.9062        0.3543       0.7141      0.8532        0.3245  8.2245
     57      0.9033        0.3544       0.7137      0.8530        0.3241  8.2304
     58      0.9128        0.3547       0.7148      0.8536        0.3238  8.2544
     59      0.9093        0.3522       0.7170      0.8544        0.3235  8.2399
     60      0.9011        0.3507       0.7158      0.8539        0.3232  8.2502
     61      0.9079        0.3523       0.7172      0.8544        0.3229  8.2167
     62      0.9058        0.3501       0.7134      0.8537        0.3226  8.2455
     63      0.9087        0.3505       0.7181      0.8534        0.3227  8.2437
     64      0.9130        0.3489       0.7158      0.8540        0.3219  8.2533
     65      0.9073        0.3507       0.7168      0.8545        0.3216  8.2202
     66      0.9135        0.3500       0.7160      0.8539        0.3213  8.2440
     67      0.9085        0.3491       0.7160      0.8540        0.3210  8.2019
     68      0.9072        0.3477       0.7189      0.8538        0.3210  8.2247
     69      0.9019        0.3504       0.7172      0.8542        0.3204  8.2205
     70      0.9071        0.3487       0.7193      0.8552        0.3201  8.2421
     71      0.9091        0.3463       0.7170      0.8545        0.3197  8.2310
     72      0.9087        0.3472       0.7198      0.8541        0.3196  8.2795
     73      0.9096        0.3470       0.7146      0.8543        0.3192  8.3110
     74      0.9071        0.3463       0.7191      0.8538        0.3191  8.2174
     75      0.9025        0.3466       0.7182      0.8550        0.3186  8.2235
     76      0.9039        0.3441       0.7182      0.8541        0.3185  8.2326
     77      0.9103        0.3457       0.7175      0.8547        0.3180  8.2398
     78      0.9166        0.3451       0.7193      0.8536        0.3182  8.2597
     79      0.9118        0.3421       0.7177      0.8548        0.3174  8.2143
     80      0.9134        0.3423       0.7181      0.8551        0.3171  8.2459
     81      0.9083        0.3438       0.7205      0.8541        0.3172  8.2372
     82      0.9084        0.3428       0.7175      0.8552        0.3165  8.2175
     83      0.9112        0.3417       0.7170      0.8555        0.3163  8.2177
     84      0.9084        0.3436       0.7174      0.8499        0.3173  8.2072
     85      0.9079        0.3396       0.7215      0.8550        0.3161  8.2253
     86      0.9089        0.3394       0.7188      0.8554        0.3154  8.2390
     87      0.9081        0.3410       0.7200      0.8522        0.3160  8.2316
     88      0.9084        0.3387       0.7207      0.8550        0.3151  8.2242
     89      0.9145        0.3392       0.7200      0.8551        0.3148  8.2234
     90      0.9102        0.3397       0.7210      0.8553        0.3147  8.2355
     91      0.9112        0.3369       0.7200      0.8552        0.3142  8.2505
     92      0.9137        0.3372       0.7205      0.8556        0.3139  8.2364
     93      0.9098        0.3372       0.7181      0.8506        0.3146  8.2264
     94      0.9051        0.3362       0.7203      0.8549        0.3134  8.2324
     95      0.9173        0.3366       0.7196      0.8530        0.3136  8.2382
     96      0.9170        0.3358       0.7205      0.8552        0.3129  8.1941
     97      0.9105        0.3351       0.7208      0.8553        0.3126  8.1860
     98      0.9070        0.3362       0.7207      0.8542        0.3127  8.2186
     99      0.9152        0.3354       0.7201      0.8563        0.3120  8.2078
    100      0.9144        0.3339       0.7193      0.8539        0.3121  8.2436
Accuracy after query 6: 0.7463541666666667
F1 Score after query 6: 0.8619584874966698

Query 7: Using the exact images and labels from the CSV for this iteration.
Re-initializing module.
Re-initializing criterion.
Re-initializing optimizer.
  epoch    train_f1    train_loss    valid_acc    valid_f1    valid_loss     dur
-------  ----------  ------------  -----------  ----------  ------------  ------
      1      0.9115        0.3357       0.7106      0.8545        0.3156  9.0787
      2      0.9063        0.3339       0.7108      0.8543        0.3152  9.0958
      3      0.9010        0.3334       0.7115      0.8543        0.3151  9.0936
      4      0.9055        0.3317       0.7113      0.8522        0.3161  9.0760
      5      0.9091        0.3313       0.7123      0.8526        0.3154  9.1005
      6      0.9116        0.3316       0.7116      0.8539        0.3137  9.0859
      7      0.9082        0.3300       0.7122      0.8541        0.3131  9.1035
      8      0.9073        0.3289       0.7125      0.8527        0.3142  9.1042
      9      0.9100        0.3280       0.7137      0.8531        0.3135  9.0736
     10      0.9156        0.3272       0.7135      0.8541        0.3120  9.0921
     11      0.9099        0.3256       0.7142      0.8533        0.3124  9.0765
     12      0.9026        0.3260       0.7139      0.8545        0.3105  9.1004
     13      0.9123        0.3258       0.7148      0.8543        0.3103  9.1114
     14      0.9060        0.3262       0.7149      0.8543        0.3107  9.0934
     15      0.9073        0.3243       0.7153      0.8548        0.3094  9.1067
     16      0.9130        0.3225       0.7153      0.8553        0.3084  9.1024
     17      0.9102        0.3238       0.7155      0.8564        0.3069  9.1098
     18      0.9131        0.3223       0.7165      0.8564        0.3072  9.1071
     19      0.9142        0.3226       0.7168      0.8565        0.3067  9.1038
     20      0.9076        0.3197       0.7168      0.8559        0.3074  9.0920
     21      0.9113        0.3200       0.7168      0.8554        0.3075  9.0811
     22      0.9148        0.3177       0.7165      0.8576        0.3043  9.0710
     23      0.9152        0.3184       0.7170      0.8571        0.3047  9.0528
     24      0.9127        0.3168       0.7161      0.8582        0.3023  9.0904
     25      0.9136        0.3163       0.7188      0.8581        0.3044  9.0937
     26      0.9139        0.3156       0.7172      0.8585        0.3024  9.0717
     27      0.9092        0.3146       0.7179      0.8587        0.3018  9.0875
     28      0.9103        0.3138       0.7175      0.8589        0.3008  9.0708
     29      0.9140        0.3128       0.7170      0.8587        0.3001  9.0849
     30      0.9120        0.3130       0.7177      0.8594        0.2989  9.0842
     31      0.9129        0.3112       0.7181      0.8586        0.3009  9.0851
     32      0.9133        0.3105       0.7182      0.8598        0.2981  9.0880
     33      0.9143        0.3104       0.7182      0.8596        0.2981  9.0719
     34      0.9149        0.3076       0.7191      0.8584        0.3005  9.0956
     35      0.9154        0.3106       0.7175      0.8591        0.2976  9.0523
     36      0.9150        0.3095       0.7194      0.8600        0.2968  9.0656
     37      0.9141        0.3084       0.7210      0.8596        0.2989  9.0580
     38      0.9178        0.3072       0.7189      0.8601        0.2958  9.0676
     39      0.9122        0.3076       0.7188      0.8592        0.2963  9.0918
     40      0.9208        0.3057       0.7203      0.8596        0.2966  9.1128
     41      0.9179        0.3040       0.7182      0.8599        0.2947  9.0762
     42      0.9178        0.3045       0.7184      0.8595        0.2952  9.1132
     43      0.9134        0.3040       0.7182      0.8596        0.2947  9.0785
     44      0.9132        0.3039       0.7181      0.8596        0.2940  9.0902
     45      0.9133        0.3028       0.7189      0.8589        0.2945  9.0915
     46      0.9135        0.3033       0.7179      0.8599        0.2920  9.0862
     47      0.9216        0.3015       0.7181      0.8599        0.2925  9.0972
     48      0.9171        0.3005       0.7182      0.8598        0.2927  9.0800
     49      0.9149        0.3019       0.7181      0.8600        0.2921  9.0664
     50      0.9092        0.3005       0.7191      0.8603        0.2920  9.0563
     51      0.9185        0.2991       0.7186      0.8604        0.2912  9.1054
     52      0.9227        0.2979       0.7184      0.8605        0.2902  9.1091
     53      0.9223        0.2977       0.7198      0.8608        0.2895  9.0912
     54      0.9172        0.2980       0.7193      0.8608        0.2896  9.1054
     55      0.9122        0.2982       0.7194      0.8609        0.2892  9.0926
     56      0.9259        0.2966       0.7205      0.8601        0.2905  9.1033
     57      0.9151        0.2965       0.7196      0.8607        0.2882  9.0973
     58      0.9181        0.2958       0.7205      0.8604        0.2897  9.0903
     59      0.9197        0.2939       0.7189      0.8598        0.2890  9.1026
     60      0.9160        0.2946       0.7194      0.8606        0.2880  9.0840
     61      0.9171        0.2941       0.7200      0.8602        0.2884  9.0711
     62      0.9193        0.2943       0.7201      0.8611        0.2866  9.0718
     63      0.9221        0.2928       0.7212      0.8615        0.2863  9.0464
     64      0.9161        0.2928       0.7191      0.8607        0.2868  9.0791
     65      0.9196        0.2918       0.7194      0.8605        0.2866  9.0880
     66      0.9187        0.2912       0.7194      0.8607        0.2855  9.0827
     67      0.9219        0.2895       0.7191      0.8609        0.2849  9.0823
     68      0.9183        0.2898       0.7191      0.8598        0.2842  9.0750
     69      0.9234        0.2894       0.7208      0.8614        0.2841  9.0839
     70      0.9188        0.2905       0.7196      0.8606        0.2847  9.0911
     71      0.9262        0.2881       0.7203      0.8616        0.2837  9.0941
     72      0.9234        0.2869       0.7200      0.8610        0.2845  9.0895
     73      0.9152        0.2908       0.7200      0.8611        0.2842  9.0796
     74      0.9223        0.2862       0.7214      0.8616        0.2836  9.0848
     75      0.9183        0.2874       0.7214      0.8617        0.2826  9.0613
     76      0.9228        0.2846       0.7220      0.8618        0.2829  9.0644
     77      0.9267        0.2837       0.7214      0.8616        0.2820  9.0535
     78      0.9217        0.2836       0.7203      0.8605        0.2815  9.1222
     79      0.9269        0.2838       0.7217      0.8616        0.2822  9.0948
     80      0.9119        0.2853       0.7207      0.8614        0.2820  9.1025
     81      0.9200        0.2835       0.7222      0.8619        0.2811  9.0982
     82      0.9254        0.2824       0.7212      0.8614        0.2805  9.0781
     83      0.9237        0.2813       0.7224      0.8621        0.2802  9.0966
     84      0.9243        0.2811       0.7229      0.8623        0.2800  9.0897
     85      0.9243        0.2824       0.7219      0.8616        0.2824  9.1231
     86      0.9194        0.2830       0.7203      0.8620        0.2805  9.0936
     87      0.9206        0.2823       0.7201      0.8617        0.2801  9.0811
     88      0.9256        0.2802       0.7222      0.8616        0.2786  9.0705
     89      0.9258        0.2792       0.7205      0.8616        0.2795  9.0836
     90      0.9200        0.2789       0.7219      0.8617        0.2782  9.0748
     91      0.9232        0.2786       0.7219      0.8615        0.2778  9.0805
     92      0.9222        0.2793       0.7222      0.8595        0.2782  9.1098
     93      0.9256        0.2796       0.7231      0.8612        0.2773  9.1110
     94      0.9213        0.2796       0.7226      0.8614        0.2770  9.0842
     95      0.9266        0.2750       0.7227      0.8614        0.2767  9.1913
     96      0.9282        0.2751       0.7253      0.8639        0.2789  9.1911
     97      0.9166        0.2794       0.7226      0.8625        0.2773  9.1063
     98      0.9254        0.2750       0.7252      0.8640        0.2783  9.0885
     99      0.9208        0.2765       0.7252      0.8641        0.2779  9.0959
    100      0.9270        0.2752       0.7226      0.8621        0.2762  9.1126
Accuracy after query 7: 0.7538194444444445
F1 Score after query 7: 0.8644580230964047

Query 8: Using the exact images and labels from the CSV for this iteration.
Re-initializing module.
Re-initializing criterion.
Re-initializing optimizer.
  epoch    train_f1    train_loss    valid_acc    valid_f1    valid_loss      dur
-------  ----------  ------------  -----------  ----------  ------------  -------
      1      0.9024        0.2856       0.7283      0.8654        0.2765  10.7556
      2      0.9056        0.2840       0.7286      0.8662        0.2744  10.5266
      3      0.9069        0.2830       0.7297      0.8664        0.2739  10.5545
      4      0.9054        0.2840       0.7314      0.8674        0.2732  10.5500
      5      0.9065        0.2816       0.7328      0.8681        0.2706  10.5305
      6      0.9085        0.2818       0.7339      0.8679        0.2728  10.5452
      7      0.9083        0.2801       0.7345      0.8685        0.2721  10.5570
      8      0.9098        0.2796       0.7337      0.8691        0.2697  10.5587
      9      0.9075        0.2804       0.7351      0.8696        0.2693  10.5541
     10      0.9096        0.2776       0.7363      0.8702        0.2688  10.5789
     11      0.9128        0.2767       0.7375      0.8701        0.2671  10.5290
     12      0.9125        0.2782       0.7363      0.8699        0.2667  10.5206
     13      0.9098        0.2781       0.7370      0.8705        0.2674  10.5273
     14      0.9095        0.2744       0.7387      0.8708        0.2654  10.5648
     15      0.9127        0.2758       0.7391      0.8714        0.2660  10.5779
     16      0.9126        0.2738       0.7394      0.8715        0.2654  10.5823
     17      0.9123        0.2739       0.7439      0.8721        0.2633  10.5563
     18      0.9143        0.2730       0.7401      0.8717        0.2638  10.5701
     19      0.9103        0.2737       0.7418      0.8725        0.2627  10.5617
     20      0.9141        0.2711       0.7436      0.8729        0.2618  10.5586
     21      0.9173        0.2707       0.7455      0.8732        0.2613  10.5799
     22      0.9130        0.2711       0.7420      0.8726        0.2627  10.5590
     23      0.9123        0.2691       0.7422      0.8725        0.2614  10.5509
     24      0.9139        0.2674       0.7469      0.8733        0.2599  10.5237
     25      0.9147        0.2679       0.7464      0.8721        0.2597  10.5584
     26      0.9099        0.2730       0.7431      0.8732        0.2605  10.5793
     27      0.9163        0.2659       0.7483      0.8749        0.2584  10.5618
     28      0.9159        0.2665       0.7483      0.8747        0.2580  10.5645
     29      0.9194        0.2638       0.7493      0.8752        0.2576  10.5567
     30      0.9172        0.2645       0.7495      0.8736        0.2570  10.5669
     31      0.9148        0.2643       0.7510      0.8753        0.2564  10.5496
     32      0.9164        0.2644       0.7472      0.8747        0.2572  10.5592
     33      0.9137        0.2626       0.7521      0.8753        0.2555  10.5518
     34      0.9064        0.2701       0.7467      0.8743        0.2585  10.5394
     35      0.9212        0.2608       0.7517      0.8766        0.2548  10.5455
     36      0.9208        0.2598       0.7538      0.8757        0.2540  10.5431
     37      0.9163        0.2620       0.7521      0.8769        0.2541  10.5613
     38      0.9222        0.2583       0.7540      0.8773        0.2531  10.5544
     39      0.9163        0.2587       0.7524      0.8738        0.2531  10.5377
     40      0.9152        0.2602       0.7547      0.8760        0.2523  10.5404
     41      0.9203        0.2581       0.7554      0.8767        0.2517  10.5619
     42      0.9233        0.2569       0.7536      0.8773        0.2523  10.5571
     43      0.9221        0.2567       0.7550      0.8777        0.2510  10.5566
     44      0.9240        0.2545       0.7528      0.8713        0.2523  10.5448
     45      0.9085        0.2616       0.7562      0.8783        0.2503  10.5205
     46      0.9218        0.2540       0.7566      0.8748        0.2503  10.5281
     47      0.9159        0.2580       0.7561      0.8783        0.2497  10.5258
     48      0.9246        0.2532       0.7608      0.8792        0.2485  10.5515
     49      0.9238        0.2528       0.7585      0.8764        0.2485  10.5936
     50      0.9156        0.2579       0.7549      0.8778        0.2507  10.5675
     51      0.9220        0.2504       0.7601      0.8777        0.2473  10.5705
     52      0.9223        0.2516       0.7625      0.8807        0.2470  10.5517
     53      0.9202        0.2504       0.7611      0.8769        0.2469  10.5549
     54      0.9260        0.2495       0.7625      0.8786        0.2462  10.5803
     55      0.9175        0.2549       0.7604      0.8798        0.2464  10.5627
     56      0.9268        0.2478       0.7655      0.8814        0.2453  10.5398
     57      0.9226        0.2497       0.7627      0.8803        0.2450  10.5497
     58      0.9255        0.2469       0.7611      0.8800        0.2456  10.5410
     59      0.9278        0.2466       0.7602      0.8757        0.2456  10.5604
     60      0.9207        0.2510       0.7635      0.8812        0.2442  10.5881
     61      0.9279        0.2440       0.7646      0.8783        0.2436  10.5758
     62      0.9251        0.2467       0.7656      0.8817        0.2437  10.5660
     63      0.9301        0.2441       0.7663      0.8816        0.2429  10.5706
     64      0.9280        0.2439       0.7658      0.8792        0.2428  10.5602
     65      0.9276        0.2446       0.7665      0.8802        0.2421  10.5760
     66      0.9266        0.2428       0.7658      0.8778        0.2424  10.5580
     67      0.9224        0.2439       0.7667      0.8790        0.2419  10.5505
     68      0.9271        0.2433       0.7663      0.8818        0.2412  10.5289
     69      0.9327        0.2403       0.7674      0.8816        0.2406  10.5239
     70      0.9276        0.2394       0.7707      0.8826        0.2400  10.5345
     71      0.9311        0.2394       0.7681      0.8797        0.2401  10.5547
     72      0.9310        0.2386       0.7698      0.8815        0.2397  10.5641
     73      0.9298        0.2392       0.7578      0.8710        0.2428  10.5569
     74      0.9273        0.2405       0.7674      0.8779        0.2394  10.5636
     75      0.9259        0.2422       0.7622      0.8743        0.2408  10.5510
     76      0.9278        0.2401       0.7750      0.8835        0.2377  10.5510
     77      0.9301        0.2369       0.7573      0.8773        0.2438  10.5640
     78      0.9271        0.2389       0.7727      0.8839        0.2373  10.5449
     79      0.9332        0.2338       0.7722      0.8818        0.2373  10.5399
     80      0.9325        0.2355       0.7660      0.8749        0.2385  10.5008
     81      0.9274        0.2374       0.7734      0.8810        0.2364  10.5125
     82      0.9320        0.2352       0.7753      0.8830        0.2358  10.5577
     83      0.9349        0.2330       0.7707      0.8836        0.2385  10.5759
     84      0.9329        0.2339       0.7790      0.8854        0.2348  10.5667
     85      0.9295        0.2338       0.7807      0.8859        0.2344  10.5648
     86      0.9352        0.2307       0.7809      0.8853        0.2340  10.5756
     87      0.9329        0.2312       0.7571      0.8681        0.2411  10.5574
     88      0.9234        0.2374       0.7762      0.8825        0.2342  10.5735
     89      0.9358        0.2295       0.7760      0.8807        0.2336  10.5565
     90      0.9378        0.2287       0.7769      0.8824        0.2332  10.5664
     91      0.9355        0.2290       0.7762      0.8814        0.2330  10.5290
     92      0.9348        0.2293       0.7715      0.8774        0.2345  10.5420
     93      0.9357        0.2270       0.7745      0.8795        0.2341  10.5367
     94      0.9331        0.2285       0.7670      0.8745        0.2358  10.5672
     95      0.9264        0.2318       0.7764      0.8810        0.2324  10.5793
     96      0.9346        0.2267       0.7658      0.8799        0.2367  10.5650
     97      0.9364        0.2272       0.7814      0.8861        0.2310  10.5757
     98      0.9374        0.2254       0.7783      0.8854        0.2328  10.5624
     99      0.9353        0.2247       0.7837      0.8861        0.2301  10.5751
    100      0.9403        0.2234       0.7795      0.8831        0.2300  10.5473
Accuracy after query 8: 0.7907986111111112
F1 Score after query 8: 0.8914369002692855

Query 9: Using the exact images and labels from the CSV for this iteration.
Re-initializing module.
Re-initializing criterion.
Re-initializing optimizer.
  epoch    train_f1    train_loss    valid_acc    valid_f1    valid_loss      dur
-------  ----------  ------------  -----------  ----------  ------------  -------
      1      0.9289        0.2279       0.7816      0.8834        0.2296  13.3438
      2      0.9289        0.2289       0.7799      0.8791        0.2287  13.1013
      3      0.9320        0.2254       0.7785      0.8768        0.2301  13.1686
      4      0.9277        0.2266       0.7811      0.8797        0.2276  13.1971
      5      0.9337        0.2235       0.7849      0.8825        0.2272  13.1830
      6      0.9312        0.2232       0.7845      0.8840        0.2271  13.2146
      7      0.9326        0.2208       0.7849      0.8826        0.2264  13.2122
      8      0.9322        0.2204       0.7866      0.8860        0.2279  13.3589
      9      0.9322        0.2195       0.7858      0.8804        0.2264  13.2896
     10      0.9309        0.2210       0.7851      0.8797        0.2265  13.1687
     11      0.9356        0.2173       0.7833      0.8845        0.2287  13.1680
     12      0.9353        0.2154       0.7861      0.8846        0.2272  13.2286
     13      0.9313        0.2196       0.7866      0.8826        0.2243  13.2144
     14      0.9361        0.2148       0.7767      0.8826        0.2295  13.2165
     15      0.9359        0.2147       0.7892      0.8843        0.2237  13.2143
     16      0.9365        0.2132       0.7892      0.8813        0.2233  13.2288
     17      0.9410        0.2113       0.7877      0.8832        0.2233  13.2033
     18      0.9340        0.2153       0.7847      0.8836        0.2250  13.2107
     19      0.9406        0.2091       0.7910      0.8814        0.2240  13.1836
     20      0.9337        0.2137       0.7936      0.8852        0.2213  13.1726
     21      0.9450        0.2060       0.7925      0.8824        0.2225  13.2264
     22      0.9379        0.2112       0.7967      0.8858        0.2206  13.2423
     23      0.9456        0.2045       0.7960      0.8859        0.2201  13.1998
     24      0.9408        0.2054       0.7920      0.8816        0.2228  13.2347
     25      0.9405        0.2052       0.7981      0.8856        0.2196  13.2161
     26      0.9446        0.2048       0.7891      0.8800        0.2230  13.2123
     27      0.9469        0.2018       0.7764      0.8715        0.2276  13.2197
     28      0.9360        0.2072       0.7984      0.8839        0.2199  13.1553
     29      0.9479        0.2010       0.7767      0.8822        0.2284  13.1771
     30      0.9347        0.2065       0.7970      0.8841        0.2188  13.1981
     31      0.9473        0.1999       0.8000      0.8878        0.2167  13.2132
     32      0.9496        0.1971       0.7957      0.8870        0.2179  13.2056
     33      0.9480        0.1957       0.7991      0.8850        0.2168  13.2450
     34      0.9469        0.1987       0.7783      0.8823        0.2260  13.2111
     35      0.9450        0.1987       0.7797      0.8723        0.2260  13.1835
     36      0.9437        0.1996       0.7953      0.8868        0.2173  13.1850
     37      0.9490        0.1954       0.8024      0.8875        0.2145  13.1714
     38      0.9523        0.1932       0.7774      0.8705        0.2273  13.1612
     39      0.9469        0.1938       0.8002      0.8840        0.2154  13.2191
     40      0.9506        0.1927       0.7352      0.8653        0.2474  13.2297
     41      0.9490        0.1932       0.8024      0.8872        0.2137  13.1832
     42      0.9548        0.1888       0.7882      0.8778        0.2202  13.1887
     43      0.9448        0.1942       0.8031      0.8846        0.2142  13.1993
     44      0.9514        0.1903       0.7920      0.8792        0.2183  13.2088
     45      0.9560        0.1872       0.7997      0.8833        0.2149  13.2127
     46      0.9554        0.1866       0.7988      0.8829        0.2142  13.1817
     47      0.9521        0.1882       0.7875      0.8842        0.2177  13.1741
     48      0.9512        0.1881       0.8045      0.8863        0.2124  13.1967
     49      0.9547        0.1840       0.8043      0.8864        0.2114  13.2726
     50      0.9545        0.1850       0.7595      0.8579        0.2342  13.2439
     51      0.9467        0.1895       0.8101      0.8885        0.2100  13.2322
     52      0.9585        0.1811       0.8045      0.8848        0.2113  13.2564
     53      0.9580        0.1813       0.7826      0.8834        0.2202  13.2471
     54      0.9435        0.1904       0.8111      0.8871        0.2104  13.2622
     55      0.9580        0.1803       0.7951      0.8795        0.2157  13.2166
     56      0.9613        0.1791       0.7856      0.8743        0.2195  13.2054
     57      0.9549        0.1809       0.8094      0.8878        0.2090  13.2208
     58      0.9599        0.1776       0.7925      0.8784        0.2155  13.2450
     59      0.9525        0.1822       0.7990      0.8798        0.2143  13.2202
     60      0.9554        0.1796       0.7990      0.8881        0.2108  13.2524
     61      0.9612        0.1753       0.8087      0.8893        0.2074  13.2397
     62      0.9606        0.1762       0.8064      0.8890        0.2081  13.2505
     63      0.9572        0.1773       0.8085      0.8897        0.2072  13.2504
     64      0.9614        0.1740       0.7977      0.8803        0.2125  13.2232
     65      0.9598        0.1728       0.8026      0.8824        0.2105  13.2183
     66      0.9579        0.1752       0.7653      0.8575        0.2305  13.2166
     67      0.9569        0.1747       0.8137      0.8890        0.2060  13.2346
     68      0.9624        0.1716       0.7911      0.8855        0.2140  13.2587
     69      0.9565        0.1748       0.8142      0.8909        0.2044  13.2343
     70      0.9634        0.1692       0.8102      0.8905        0.2051  13.2478
     71      0.9634        0.1691       0.7837      0.8692        0.2202  13.2587
     72      0.9572        0.1731       0.8023      0.8809        0.2109  13.2565
     73      0.9619        0.1683       0.8153      0.8900        0.2032  13.2346
     74      0.9617        0.1691       0.8132      0.8907        0.2037  13.2268
     75      0.9653        0.1660       0.7766      0.8636        0.2240  13.2590
     76      0.9624        0.1678       0.8167      0.8888        0.2036  13.2475
     77      0.9655        0.1655       0.8148      0.8898        0.2029  13.2722
     78      0.9592        0.1683       0.7648      0.8751        0.2240  13.2482
     79      0.9609        0.1666       0.7906      0.8730        0.2163  13.2480
     80      0.9620        0.1657       0.7734      0.8616        0.2246  13.2500
     81      0.9648        0.1651       0.8019      0.8800        0.2113  13.2359
     82      0.9648        0.1626       0.8128      0.8863        0.2041  13.2296
     83      0.9657        0.1635       0.7712      0.8581        0.2268  13.2116
     84      0.9633        0.1637       0.8203      0.8903        0.2010  13.2262
     85      0.9667        0.1601       0.8182      0.8893        0.2002  13.2369
     86      0.9665        0.1596       0.8125      0.8861        0.2045  13.2189
     87      0.9701        0.1592       0.7856      0.8679        0.2194  13.2344
     88      0.9574        0.1672       0.8160      0.8869        0.2025  13.2368
     89      0.9663        0.1586       0.8054      0.8893        0.2043  13.2338
     90      0.9639        0.1605       0.8205      0.8907        0.1996  13.2289
     91      0.9691        0.1568       0.8097      0.8836        0.2060  13.2244
     92      0.9699        0.1566       0.8021      0.8786        0.2105  13.1903
     93      0.9609        0.1615       0.7429      0.8368        0.2434  13.2149
     94      0.9635        0.1580       0.8163      0.8869        0.2009  13.2378
     95      0.9692        0.1546       0.8137      0.8864        0.2021  13.2664
     96      0.9700        0.1541       0.7875      0.8680        0.2174  13.2303
     97      0.9686        0.1552       0.8134      0.8917        0.2011  13.2514
     98      0.9669        0.1545       0.8113      0.8849        0.2032  13.2620
     99      0.9712        0.1532       0.8073      0.8828        0.2057  13.2497
    100      0.9707        0.1520       0.8172      0.8877        0.2004  13.2134
Accuracy after query 9: 0.8161458333333333
F1 Score after query 9: 0.9016539958477363

Query 10: Using the exact images and labels from the CSV for this iteration.
Re-initializing module.
Re-initializing criterion.
Re-initializing optimizer.
  epoch    train_f1    train_loss    valid_acc    valid_f1    valid_loss      dur
-------  ----------  ------------  -----------  ----------  ------------  -------
      1      0.9453        0.1739       0.7894      0.8843        0.2084  18.1198
      2      0.9561        0.1631       0.7569      0.8725        0.2281  17.9114
      3      0.9549        0.1629       0.7854      0.8830        0.2111  17.9626
      4      0.9566        0.1608       0.7932      0.8853        0.2043  18.0136
      5      0.9575        0.1598       0.7997      0.8873        0.2014  17.9685
      6      0.9596        0.1588       0.7970      0.8859        0.2001  17.9505
      7      0.9610        0.1562       0.7944      0.8853        0.2040  17.9365
      8      0.9625        0.1541       0.8149      0.8923        0.1937  17.9437
      9      0.9640        0.1540       0.8108      0.8903        0.1955  17.9494
     10      0.9625        0.1536       0.7823      0.8803        0.2083  17.9345
     11      0.9618        0.1535       0.8208      0.8941        0.1918  17.9552
     12      0.9640        0.1505       0.8189      0.8937        0.1924  17.9450
     13      0.9618        0.1515       0.7983      0.8855        0.2012  17.8900
     14      0.9641        0.1493       0.8181      0.8920        0.1925  17.9125
     15      0.9648        0.1484       0.8179      0.8928        0.1926  17.9599
     16      0.9657        0.1466       0.8132      0.8911        0.1942  17.9646
     17      0.9652        0.1470       0.8234      0.8946        0.1913  17.9490
     18      0.9621        0.1474       0.8101      0.8893        0.1958  17.9608
     19      0.9657        0.1462       0.8227      0.8949        0.1911  17.9320
     20      0.9655        0.1441       0.8260      0.8945        0.1907  17.8942
     21      0.9681        0.1424       0.8099      0.8894        0.1953  17.9403
     22      0.9678        0.1422       0.8227      0.8945        0.1916  17.9722
     23      0.9658        0.1422       0.8238      0.8946        0.1906  17.9498
     24      0.9685        0.1407       0.8247      0.8911        0.1928  17.9572
     25      0.9688        0.1399       0.8243      0.8948        0.1914  17.9594
     26      0.9693        0.1392       0.8222      0.8944        0.1920  17.9099
     27      0.9683        0.1391       0.8095      0.8890        0.1955  17.9015
     28      0.9687        0.1391       0.8141      0.8908        0.1940  17.9392
     29      0.9699        0.1372       0.8283      0.8912        0.1925  17.9567
     30      0.9698        0.1359       0.8269      0.8942        0.1912  17.9034
     31      0.9687        0.1356       0.8233      0.8943        0.1908  17.9300
     32      0.9715        0.1349       0.8288      0.8945        0.1910  17.9395
     33      0.9705        0.1347       0.8217      0.8936        0.1917  17.8712
     34      0.9713        0.1337       0.8243      0.8942        0.1914  17.8654
     35      0.9680        0.1355       0.8274      0.8941        0.1899  17.9404
     36      0.9683        0.1337       0.8266      0.8943        0.1892  17.9160
     37      0.9709        0.1319       0.8226      0.8941        0.1907  17.9033
     38      0.9713        0.1311       0.8316      0.8923        0.1904  17.9103
     39      0.9711        0.1304       0.8276      0.8942        0.1896  17.8948
     40      0.9719        0.1301       0.8259      0.8951        0.1895  17.8776
     41      0.9721        0.1296       0.8224      0.8939        0.1908  17.9107
     42      0.9732        0.1286       0.8328      0.8952        0.1901  17.9377
     43      0.9720        0.1284       0.8250      0.8944        0.1902  17.9411
     44      0.9666        0.1330       0.8278      0.8958        0.1896  17.8988
     45      0.9718        0.1275       0.8210      0.8938        0.1906  17.9330
     46      0.9728        0.1269       0.8250      0.8940        0.1894  17.8808
     47      0.9722        0.1274       0.8214      0.8940        0.1909  17.8686
     48      0.9725        0.1259       0.8259      0.8950        0.1896  17.9091
Stopping since valid_loss has not improved in the last 13 epochs.
Accuracy after query 10: 0.8211805555555556
F1 Score after query 10: 0.90464210086961

Query 11: Using the exact images and labels from the CSV for this iteration.
Re-initializing module.
Re-initializing criterion.
Re-initializing optimizer.
  epoch    train_f1    train_loss    valid_acc    valid_f1    valid_loss      dur
-------  ----------  ------------  -----------  ----------  ------------  -------
      1      0.9621        0.1350       0.7972      0.8826        0.2151  26.3211
      2      0.9645        0.1325       0.8094      0.8909        0.2058  26.1250
      3      0.9679        0.1294       0.8113      0.8910        0.1992  26.3203
      4      0.9674        0.1275       0.8109      0.8914        0.1992  26.3365
      5      0.9691        0.1265       0.8160      0.8922        0.1952  26.3428
      6      0.9687        0.1253       0.8151      0.8929        0.1971  26.2873
      7      0.9705        0.1241       0.8141      0.8908        0.1971  26.2745
      8      0.9702        0.1230       0.8156      0.8898        0.1955  26.3078
      9      0.9706        0.1216       0.8208      0.8932        0.1926  26.3238
     10      0.9709        0.1210       0.8207      0.8929        0.1930  26.3055
     11      0.9711        0.1201       0.8155      0.8906        0.1964  26.2586
     12      0.9712        0.1187       0.8017      0.8872        0.2048  26.2404
     13      0.9714        0.1182       0.8172      0.8906        0.1962  26.2908
     14      0.9719        0.1176       0.8226      0.8937        0.1932  26.2993
     15      0.9719        0.1166       0.8094      0.8902        0.1995  26.2974
     16      0.9731        0.1151       0.8243      0.8950        0.1908  26.2036
     17      0.9721        0.1145       0.8269      0.8947        0.1920  26.2655
     18      0.9729        0.1139       0.8247      0.8949        0.1917  26.2457
     19      0.9720        0.1136       0.8247      0.8955        0.1926  26.2793
     20      0.9726        0.1121       0.8271      0.8930        0.1920  26.2476
     21      0.9730        0.1119       0.8233      0.8949        0.1919  26.2590
     22      0.9740        0.1101       0.8252      0.8954        0.1928  26.2756
     23      0.9747        0.1098       0.8233      0.8929        0.1954  26.2616
     24      0.9740        0.1092       0.8314      0.8963        0.1891  26.2497
     25      0.9750        0.1083       0.8300      0.8963        0.1904  26.2397
     26      0.9741        0.1078       0.8292      0.8954        0.1904  26.2721
     27      0.9760        0.1065       0.8307      0.8966        0.1895  26.2582
     28      0.9760        0.1058       0.8311      0.8971        0.1895  26.2801
     29      0.9757        0.1053       0.8333      0.8979        0.1890  26.2722
     30      0.9756        0.1046       0.8352      0.8985        0.1880  26.2128
     31      0.9747        0.1047       0.8319      0.8973        0.1899  26.2363
     32      0.9746        0.1049       0.8007      0.8864        0.2116  26.2580
     33      0.9766        0.1029       0.8335      0.8972        0.1883  26.2708
     34      0.9764        0.1020       0.8351      0.8986        0.1870  26.2568
     35      0.9769        0.1013       0.8323      0.8975        0.1888  26.2709
     36      0.9771        0.1003       0.8391      0.8997        0.1866  26.2890
     37      0.9769        0.1002       0.8328      0.8980        0.1904  26.3034
     38      0.9787        0.0993       0.8325      0.8977        0.1898  26.2610
     39      0.9770        0.0987       0.8361      0.8992        0.1880  26.2369
     40      0.9780        0.0978       0.8391      0.8996        0.1870  26.2273
     41      0.9776        0.0975       0.8311      0.8973        0.1910  26.2866
     42      0.9793        0.0962       0.8375      0.8998        0.1884  26.2743
     43      0.9782        0.0964       0.8372      0.8995        0.1885  26.2303
     44      0.9784        0.0955       0.8333      0.8978        0.1896  26.2427
     45      0.9795        0.0945       0.8384      0.8995        0.1883  26.2847
     46      0.9793        0.0951       0.8373      0.8986        0.1873  26.2899
     47      0.9792        0.0933       0.8304      0.8965        0.1877  26.2743
     48      0.9794        0.0929       0.8337      0.8970        0.1908  26.2363
Stopping since valid_loss has not improved in the last 13 epochs.
Accuracy after query 11: 0.8211805555555556
F1 Score after query 11: 0.9030721424606437

Query 12: Using the exact images and labels from the CSV for this iteration.
Re-initializing module.
Re-initializing criterion.
Re-initializing optimizer.
  epoch    train_f1    train_loss    valid_acc    valid_f1    valid_loss      dur
-------  ----------  ------------  -----------  ----------  ------------  -------
      1      0.9691        0.1018       0.7387      0.8581        0.2716  40.8901
      2      0.9724        0.0981       0.7533      0.8660        0.2544  41.0675
      3      0.9723        0.0966       0.7776      0.8775        0.2285  41.1579
      4      0.9733        0.0950       0.8102      0.8914        0.1991  41.1404
      5      0.9736        0.0936       0.8203      0.8955        0.1916  41.1382
      6      0.9749        0.0921       0.8281      0.8988        0.1845  41.1578
      7      0.9757        0.0909       0.8214      0.8959        0.1926  41.1217
      8      0.9746        0.0904       0.8314      0.9001        0.1823  41.1697
      9      0.9763        0.0892       0.8257      0.8970        0.1857  41.1470
     10      0.9764        0.0882       0.8280      0.8980        0.1840  41.1160
     11      0.9764        0.0875       0.8318      0.8987        0.1816  41.1316
     12      0.9767        0.0863       0.8356      0.9011        0.1802  41.1810
     13      0.9764        0.0855       0.8342      0.9006        0.1830  41.1137
     14      0.9775        0.0847       0.8340      0.9000        0.1810  41.1436
     15      0.9772        0.0839       0.8337      0.9022        0.1849  41.1117
     16      0.9778        0.0830       0.8349      0.9007        0.1840  41.3235
     17      0.9784        0.0822       0.8339      0.8998        0.1843  41.5156
     18      0.9785        0.0815       0.8247      0.8957        0.1898  41.2730
     19      0.9786        0.0806       0.8267      0.8963        0.1877  41.0943
     20      0.9790        0.0796       0.8309      0.8979        0.1867  41.1129
     21      0.9800        0.0791       0.8378      0.9010        0.1818  41.1372
     22      0.9792        0.0786       0.8314      0.8982        0.1901  41.1157
     23      0.9789        0.0781       0.8226      0.8948        0.1903  41.1510
     24      0.9801        0.0772       0.8280      0.8977        0.1892  41.1706
Stopping since valid_loss has not improved in the last 13 epochs.
Accuracy after query 12: 0.8211805555555556
F1 Score after query 12: 0.903810616218221

Query 13: Using the exact images and labels from the CSV for this iteration.
Re-initializing module.
Re-initializing criterion.
Re-initializing optimizer.
  epoch    train_f1    train_loss    valid_acc    valid_f1    valid_loss      dur
-------  ----------  ------------  -----------  ----------  ------------  -------
      1      0.9753        0.0816       0.8469      0.9036        0.1710  67.0300
      2      0.9765        0.0799       0.8484      0.9060        0.1690  67.6397
      3      0.9774        0.0787       0.8484      0.9061        0.1700  67.6997
      4      0.9781        0.0773       0.8467      0.9061        0.1715  67.7063
      5      0.9787        0.0761       0.8476      0.9065        0.1723  67.7056
      6      0.9787        0.0752       0.8451      0.9065        0.1750  67.6169
      7      0.9791        0.0741       0.8453      0.9067        0.1742  67.6421
      8      0.9801        0.0730       0.8431      0.9054        0.1759  67.6509
      9      0.9799        0.0721       0.8467      0.9070        0.1741  67.7537
     10      0.9808        0.0711       0.8453      0.9064        0.1762  67.6530
     11      0.9812        0.0702       0.8438      0.9058        0.1765  67.6343
     12      0.9815        0.0693       0.8403      0.9045        0.1789  67.6362
     13      0.9817        0.0686       0.8429      0.9060        0.1776  67.6370
     14      0.9821        0.0677       0.8436      0.9064        0.1780  67.7540
Stopping since valid_loss has not improved in the last 13 epochs.
Accuracy after query 13: 0.8277777777777777
F1 Score after query 13: 0.9086749728690604
Best F1 score across iterations: 0.9086749728690604
PS C:\Users\localuserSG\ActiveLearning\MultiLabel\imagesFroMullticlass\RandomSampling\DinoSmall> 