     53      0.7036        0.9919       0.6111      0.1834        1.2433        7.3166
     54      0.7036        0.9916       0.6306      0.1884        1.2215     +  7.3649
     55      0.7036        0.9817       0.6045      0.1795        1.2486        7.3376
     56      0.6804        1.0056       0.6366      0.1925        1.2162     +  7.3684
     57      0.7032        1.0009       0.5870      0.1706        1.2644        7.3574
     58      0.7590        0.9900       0.6318      0.1904        1.2266        7.3585
     59      0.7031        0.9988       0.5769      0.1662        1.2814        7.3679
     60      0.6600        0.9992       0.6264      0.3149        1.2406        7.3780
     61      0.6172        1.0214       0.5736      0.2896        1.2849        7.3803
     62      0.6600        1.0019       0.6309      0.1908        1.2293        7.3625
     63      0.6172        0.9836       0.6023      0.1790        1.2516        7.3548
     64      0.6986        0.9593       0.6288      0.1885        1.2223        7.3545
     65      0.7227        0.9475       0.6153      0.1844        1.2341        7.3472
     66      0.7408        0.9614       0.6316      0.1899        1.2190        7.3464
     67      0.7408        0.9732       0.6087      0.1833        1.2408        7.3370
     68      0.7036        0.9668       0.6300      0.1898        1.2154     +  7.3289
     69      0.7408        0.9334       0.6196      0.1869        1.2253        7.3096
     70      0.7217        0.9330       0.6271      0.1893        1.2160        7.3661
     71      0.7408        0.9339       0.6255      0.1909        1.2192        7.3754
     72      0.7227        0.9387       0.6260      0.1928        1.2182        7.3679
     73      0.7408        0.9350       0.6229      0.1900        1.2197        7.3643
     74      0.7408        0.9122       0.6269      0.1909        1.2134     +  7.3671
     75      0.7227        0.9128       0.6283      0.1922        1.2114     +  7.3458
     76      0.7408        0.9077       0.6163      0.1879        1.2276        7.3595
     77      0.7200        0.9154       0.6330      0.1925        1.2098     +  7.3834
     78      0.7389        0.9149       0.6165      0.1884        1.2268        7.3535
     79      0.7408        0.9034       0.6286      0.1908        1.2119        7.3737
     80      0.7217        0.9149       0.6125      0.1836        1.2324        7.3841
     81      0.7408        0.9137       0.6377      0.3194        1.2060     +  7.3659
     82      0.7016        0.9188       0.5859      0.1713        1.2624        7.3477
     83      0.7408        0.9251       0.6314      0.3186        1.2255        7.3446
     84      0.7031        0.9147       0.5573      0.2836        1.3001        7.3525
     85      0.8522        0.9343       0.6236      0.3235        1.2515        7.3502
     86      0.7032        0.9497       0.5905      0.1726        1.2542        7.3755
     87      0.6986        0.9109       0.6321      0.1923        1.2112        7.3846
     88      0.7227        0.8729       0.6153      0.1866        1.2246        7.3662
     89      0.7538        0.8724       0.6276      0.1909        1.2151        7.3647
     90      0.7389        0.8605       0.6135      0.1881        1.2250        7.3885
     91      0.7200        0.8585       0.6222      0.1920        1.2170        7.3899
     92      0.8690        0.8529       0.6181      0.1900        1.2207        7.3877
     93      0.7408        0.8571       0.6271      0.1913        1.2080        7.3790
Stopping since valid_loss has not improved in the last 13 epochs.
Iteration 3: Test F1 Score: 0.6574652777777777
Model checkpoint saved to D:\Shubham\results\Multiclass01\RandomSampling\ParamsFromMultilabel\Run2/model_checkpoint_iteration_2.pt

Iteration 4: Requesting 56 samples.
Re-initializing module.
Re-initializing criterion.
Re-initializing optimizer.
  epoch    train_f1    train_loss    valid_acc    valid_f1    valid_loss    cp     dur
-------  ----------  ------------  -----------  ----------  ------------  ----  ------
      1      0.7341        1.0428       0.6153      0.1914        1.2043     +  7.5933
      2      0.6155        1.0190       0.6184      0.1963        1.1895     +  7.5334
      3      0.6553        1.0066       0.6071      0.1892        1.1967        7.5206
      4      0.7435        1.0072       0.6330      0.2043        1.1711     +  7.4857
      5      0.5486        0.9949       0.6099      0.3180        1.1859        7.4842
      6      0.6525        0.9940       0.6429      0.2101        1.1573     +  7.4899
      7      0.6522        0.9739       0.5818      0.3048        1.2140        7.5124
      8      0.6678        0.9879       0.6608      0.3467        1.1513     +  7.4910
      9      0.5580        1.0100       0.5410      0.2803        1.2759        7.4944
     10      0.5144        1.0306       0.6517      0.3440        1.1930        7.5197
     11      0.6138        1.0600       0.5411      0.2782        1.2738        7.5079
     12      0.6140        1.0301       0.6608      0.4714        1.1511     +  7.4915
     13      0.6290        1.0072       0.5861      0.3051        1.2055        7.5215
     14      0.6513        0.9615       0.6561      0.2201        1.1333     +  7.5040
     15      0.6421        0.9617       0.6144      0.3237        1.1652        7.4806
     16      0.6512        0.9577       0.6474      0.3432        1.1334        7.5080
     17      0.5817        0.9400       0.6128      0.3244        1.1654        7.5086
     18      0.6474        0.9493       0.6391      0.3389        1.1351        7.4808
     19      0.6726        0.9317       0.6214      0.3307        1.1477        7.4863
     20      0.8143        0.9325       0.6340      0.3368        1.1354        7.4698
     21      0.6717        0.9283       0.6186      0.3299        1.1502        7.4710
     22      0.6941        0.9206       0.6396      0.3413        1.1276     +  7.4772
     23      0.6813        0.9225       0.6059      0.3246        1.1596        7.4965
     24      0.6852        0.9215       0.6382      0.3421        1.1267     +  7.5182
     25      0.6694        0.9007       0.6181      0.3322        1.1385        7.5282
     26      0.5355        0.9051       0.6347      0.3403        1.1262     +  7.4966
     27      0.6749        0.9114       0.6163      0.3313        1.1398        7.5090
     28      0.6827        0.9044       0.6226      0.3344        1.1345        7.5416
     29      0.6862        0.8918       0.6316      0.3396        1.1274        7.5038
     30      0.5840        0.8956       0.6151      0.3325        1.1379        7.5178
     31      0.7051        0.8892       0.6358      0.3410        1.1229     +  7.5271
     32      0.5998        0.8949       0.6038      0.1990        1.1523        7.5407
     33      0.6996        0.8955       0.6536      0.2260        1.1083     +  7.5115
     34      0.6710        0.8983       0.5585      0.1738        1.2133        7.5198
     35      0.6745        0.9256       0.6655      0.3550        1.1327        7.5032
     36      0.5595        0.9409       0.5208      0.2735        1.2841        7.4902
     37      0.6781        0.9633       0.6578      0.3527        1.1715        7.4689
     38      0.6964        0.9816       0.5715      0.1763        1.1917        7.4913
     39      0.6897        0.8980       0.6543      0.2242        1.1031     +  7.5216
     40      0.7202        0.8762       0.6262      0.3369        1.1242        7.5246
     41      0.8559        0.8647       0.6269      0.3394        1.1170        7.5430
     42      0.7451        0.8559       0.6302      0.3402        1.1143        7.5271
     43      0.6047        0.8564       0.6224      0.3373        1.1187        7.5138
     44      0.6975        0.8472       0.6274      0.3399        1.1124        7.5205
     45      0.6960        0.8449       0.6179      0.2109        1.1218        7.5347
     46      0.6958        0.8364       0.6306      0.2166        1.1079        7.5748
     47      0.7838        0.8505       0.6123      0.2086        1.1273        7.4935
     48      0.8333        0.8342       0.6417      0.2226        1.1007     +  7.4635
     49      0.7433        0.8388       0.5925      0.1967        1.1525        7.4930
     50      0.7007        0.8373       0.6557      0.3541        1.0989     +  7.4794
     51      0.7177        0.8424       0.5759      0.1889        1.1724        7.4554
     52      0.7176        0.8594       0.6604      0.3557        1.1036        7.4501
     53      0.6333        0.8642       0.5648      0.1800        1.1907        7.4673
     54      0.7114        0.8591       0.6587      0.3563        1.1041        7.4869
     55      0.7446        0.8504       0.5825      0.1923        1.1638        7.4645
     56      0.8885        0.8356       0.6552      0.3543        1.0946     +  7.4950
     57      0.7719        0.8226       0.6087      0.2078        1.1289        7.4822
     58      0.7590        0.8288       0.6418      0.3496        1.0938     +  7.4787
     59      0.6664        0.8156       0.6125      0.2100        1.1188        7.4844
     60      0.7632        0.8032       0.6359      0.2216        1.0942        7.4728
     61      0.6872        0.8204       0.6139      0.2114        1.1178        7.4655
     62      0.7644        0.8003       0.6349      0.2228        1.0930     +  7.4636
     63      0.7779        0.8082       0.6128      0.2119        1.1165        7.4937
     64      0.7204        0.7985       0.6325      0.2216        1.0932        7.4783
     65      0.7738        0.7982       0.6167      0.2135        1.1128        7.4663
     66      0.6820        0.7825       0.6384      0.3505        1.0870     +  7.4792
     67      0.6947        0.7892       0.6120      0.2111        1.1183        7.4513
     68      0.7751        0.7784       0.6394      0.2250        1.0876        7.4475
     69      0.7229        0.7851       0.6127      0.2113        1.1189        7.4457
     70      0.7294        0.7760       0.6436      0.3549        1.0842     +  7.4483
     71      0.7747        0.7744       0.6066      0.2087        1.1248        7.5012
     72      0.7598        0.7713       0.6446      0.3538        1.0853        7.4787
     73      0.7854        0.7780       0.5887      0.2011        1.1503        7.4819
     74      0.7403        0.7912       0.6583      0.3617        1.0914        7.4939
     75      0.7673        0.8044       0.5672      0.1905        1.1859        7.4766
     76      0.7356        0.8021       0.6587      0.3624        1.1156        7.4756
     77      0.7558        0.8154       0.5510      0.1799        1.2167        7.4677
     78      0.7176        0.8174       0.6582      0.3605        1.1167        7.5035
     79      0.7454        0.8187       0.5814      0.2014        1.1700        7.4855
     80      0.8504        0.8011       0.6589      0.3610        1.0862        7.4814
     81      0.7794        0.7709       0.6094      0.2143        1.1226        7.4983
     82      0.7410        0.7588       0.6378      0.3520        1.0858        7.4963
Stopping since valid_loss has not improved in the last 13 epochs.
Iteration 4: Test F1 Score: 0.6932291666666667
Model checkpoint saved to D:\Shubham\results\Multiclass01\RandomSampling\ParamsFromMultilabel\Run2/model_checkpoint_iteration_3.pt

Iteration 5: Requesting 96 samples.
Re-initializing module.
Re-initializing criterion.
Re-initializing optimizer.
  epoch    train_f1    train_loss    valid_acc    valid_f1    valid_loss    cp     dur
-------  ----------  ------------  -----------  ----------  ------------  ----  ------
      1      0.6634        0.8744       0.6149      0.2245        1.1380     +  7.8252
      2      0.5700        0.8950       0.5510      0.3072        1.2242        7.7279
      3      0.5173        0.9243       0.5483      0.2988        1.2209        7.7508
      4      0.4483        0.8826       0.6115      0.2167        1.0951     +  7.8001
      5      0.7837        0.8457       0.6394      0.3545        1.0561     +  7.7490
      6      0.6239        0.8373       0.6342      0.2290        1.0576        7.7654
      7      0.5464        0.8192       0.6326      0.2283        1.0578        7.7633
      8      0.5888        0.8226       0.6401      0.2337        1.0478     +  7.7748
      9      0.6037        0.8199       0.6375      0.2306        1.0512        7.7741
     10      0.6370        0.8058       0.6134      0.3446        1.0984        7.7587
     11      0.5633        0.8105       0.5929      0.3328        1.1248        7.7354
     12      0.6081        0.8121       0.6191      0.3435        1.0841        7.7389
     13      0.5734        0.7943       0.6359      0.3571        1.0517        7.7705
     14      0.6146        0.7943       0.6516      0.2374        1.0252     +  7.7281
     15      0.7037        0.7736       0.6483      0.2380        1.0296        7.7045
     16      0.7093        0.7705       0.6493      0.3628        1.0294        7.7255
     17      0.5956        0.7531       0.6405      0.3593        1.0415        7.7041
     18      0.6520        0.7488       0.6260      0.3530        1.0691        7.7490
     19      0.6637        0.7578       0.6141      0.3450        1.0920        7.7321
     20      0.6895        0.7681       0.5946      0.3369        1.1305        7.7424
     21      0.6258        0.7797       0.5983      0.2123        1.1192        7.7448
     22      0.6788        0.7708       0.6214      0.3502        1.0788        7.7392
     23      0.6700        0.7401       0.6503      0.4882        1.0250     +  7.7441
     24      0.7244        0.7279       0.6625      0.3723        1.0093     +  7.7500
     25      0.5806        0.7420       0.6667      0.2512        1.0149        7.7702
     26      0.6376        0.7375       0.6679      0.2497        1.0061     +  7.7456
     27      0.6620        0.7234       0.6675      0.3752        0.9983     +  7.7390
     28      0.7216        0.7134       0.6455      0.3622        1.0299        7.7601
     29      0.6903        0.7193       0.6179      0.3530        1.0968        7.7560
     30      0.6632        0.7271       0.6021      0.2178        1.1256        7.7316
     31      0.6825        0.7341       0.5845      0.2059        1.1433        7.7212
     32      0.7329        0.7353       0.6151      0.2224        1.0912        7.7253
     33      0.7222        0.7031       0.6549      0.2375        1.0131        7.7251
     34      0.7581        0.6815       0.6694      0.3755        0.9912     +  7.7462
     35      0.7640        0.6821       0.6703      0.2519        1.0033        7.7498
     36      0.6793        0.6949       0.6726      0.2547        0.9992        7.7578
     37      0.6953        0.6863       0.6740      0.2515        0.9885     +  7.7512
     38      0.6992        0.6672       0.6590      0.2437        1.0014        7.7534
     39      0.7108        0.6665       0.6556      0.2453        1.0216        7.7478
     40      0.7052        0.6700       0.6545      0.3677        1.0277        7.7624
     41      0.8136        0.6583       0.6564      0.3716        1.0216        7.7338
     42      0.7257        0.6571       0.6609      0.2488        1.0157        7.7409
     43      0.5976        0.6450       0.6632      0.2452        1.0000        7.7661
     44      0.8005        0.6416       0.6594      0.2434        1.0043        7.7544
     45      0.6052        0.6361       0.6519      0.2413        1.0347        7.7118
     46      0.7295        0.6436       0.6493      0.2407        1.0322        7.7273
     47      0.7754        0.6359       0.6594      0.2433        1.0240        7.7240
     48      0.7999        0.6319       0.6620      0.2470        1.0077        7.7304
     49      0.8342        0.6215       0.6757      0.3838        0.9861     +  7.7631
     50      0.7415        0.6316       0.6771      0.3836        0.9874        7.7707
     51      0.7378        0.6188       0.6731      0.3801        0.9872        7.7647
     52      0.8036        0.6123       0.6590      0.2480        1.0164        7.7816
     53      0.8036        0.6182       0.6530      0.2457        1.0347        7.7732
     54      0.7957        0.6178       0.6470      0.2421        1.0477        7.7536
     55      0.7961        0.6121       0.6417      0.3639        1.0659        7.7598
     56      0.8299        0.6133       0.6288      0.2315        1.0938        7.7861
     57      0.7837        0.6203       0.6234      0.2288        1.1015        7.7470
     58      0.7880        0.6185       0.6314      0.2361        1.0941        7.7625
     59      0.7238        0.6129       0.6646      0.3768        1.0113        7.7663
     60      0.8036        0.5914       0.6872      0.3889        0.9819     +  7.7373
     61      0.8268        0.6183       0.6922      0.4021        1.0379        7.7307
     62      0.6923        0.6866       0.7000      0.4092        1.0088        7.7610
     63      0.7109        0.6390       0.6743      0.2467        0.9868        7.7659
     64      0.7961        0.5869       0.6616      0.2505        1.0163        7.7832
     65      0.7961        0.5834       0.6557      0.2491        1.0354        7.7431
     66      0.6091        0.5847       0.6606      0.2518        1.0314        7.7419
     67      0.7971        0.5854       0.6651      0.2548        1.0295        7.7525
     68      0.8030        0.5822       0.6635      0.2534        1.0263        7.7627
     69      0.6152        0.5782       0.6655      0.2528        1.0178        7.7348
     70      0.7415        0.5647       0.6707      0.2552        0.9995        7.7504
     71      0.8046        0.5677       0.6606      0.2486        1.0200        7.7533
     72      0.8438        0.5605       0.6587      0.2477        1.0281        7.7245
Stopping since valid_loss has not improved in the last 13 epochs.
Iteration 5: Test F1 Score: 0.7203125
Model checkpoint saved to D:\Shubham\results\Multiclass01\RandomSampling\ParamsFromMultilabel\Run2/model_checkpoint_iteration_4.pt

Iteration 6: Requesting 176 samples.
Re-initializing module.
Re-initializing criterion.
Re-initializing optimizer.
  epoch    train_f1    train_loss    valid_acc    valid_f1    valid_loss    cp     dur
-------  ----------  ------------  -----------  ----------  ------------  ----  ------
      1      0.6912        0.6951       0.7064      0.4035        0.9496     +  8.2971
      2      0.6396        0.7123       0.6802      0.2545        0.9465     +  8.1778
      3      0.6153        0.6794       0.7036      0.2780        0.9361     +  8.1774
      4      0.6134        0.6738       0.7042      0.2800        0.9216     +  8.1950
      5      0.5782        0.6657       0.7109      0.4072        0.9177     +  8.1742
      6      0.5795        0.6689       0.6981      0.2774        0.9548        8.2316
      7      0.5818        0.6722       0.7007      0.2666        0.9042     +  8.2417
      8      0.6658        0.6660       0.7071      0.2874        0.9430        8.2005
      9      0.5891        0.6628       0.7036      0.3988        0.8918     +  8.2208
     10      0.6158        0.6558       0.7038      0.2849        0.9701        8.2095
     11      0.6984        0.6547       0.7056      0.2738        0.8922        8.2260
     12      0.7012        0.6554       0.7090      0.2873        0.9322        8.2193
     13      0.6767        0.6391       0.7179      0.4134        0.8956        8.2371
     14      0.6356        0.6354       0.7149      0.2933        0.9095        8.2477
     15      0.5983        0.6393       0.7181      0.4128        0.9386        8.2159
     16      0.6561        0.6456       0.7141      0.2912        0.9031        8.2289
     17      0.6509        0.6188       0.7219      0.4148        0.9012        8.2021
     18      0.6417        0.6233       0.7153      0.4131        0.8953        8.1917
     19      0.7042        0.6090       0.7189      0.2853        0.8903     +  8.2084
     20      0.5970        0.6179       0.7142      0.2934        0.9090        8.2153
     21      0.6526        0.6099       0.7191      0.2829        0.9139        8.2527
     22      0.6502        0.6191       0.7095      0.4078        0.8758     +  8.2210
     23      0.7027        0.5943       0.7184      0.4093        0.8949        8.2339
     24      0.7111        0.5949       0.7149      0.4094        0.8814        8.2415
     25      0.7254        0.5868       0.7182      0.4101        0.8861        8.2333
     26      0.6623        0.5817       0.7135      0.4099        0.8739     +  8.2426
     27      0.7512        0.5713       0.7146      0.4071        0.8778        8.2378
     28      0.7141        0.5745       0.7135      0.4119        0.8765        8.2349
     29      0.7571        0.5608       0.7165      0.2819        0.8813        8.2273
     30      0.7181        0.5677       0.7158      0.4121        0.8718     +  8.2247
     31      0.5857        0.5543       0.7153      0.4093        0.8775        8.2046
     32      0.6732        0.5542       0.7130      0.4103        0.8775        8.2091
     33      0.7589        0.5429       0.7104      0.2797        0.8844        8.2335
     34      0.6355        0.5516       0.7175      0.2847        0.8732        8.2314
     35      0.6789        0.5386       0.7066      0.2795        0.8825        8.2146
     36      0.7285        0.5393       0.7085      0.2771        0.8834        8.2255
     37      0.7577        0.5392       0.7109      0.2787        0.8850        8.2298
     38      0.6786        0.5317       0.7108      0.4090        0.8841        8.2407
     39      0.6763        0.5225       0.7111      0.2777        0.8859        8.2380
     40      0.6743        0.5334       0.7097      0.2791        0.8852        8.2363
     41      0.6796        0.5258       0.7123      0.2776        0.8911        8.2416
     42      0.6750        0.5275       0.7045      0.2826        0.8951        8.2307
Stopping since valid_loss has not improved in the last 13 epochs.
Iteration 6: Test F1 Score: 0.7446180555555556
Model checkpoint saved to D:\Shubham\results\Multiclass01\RandomSampling\ParamsFromMultilabel\Run2/model_checkpoint_iteration_5.pt

Iteration 7: Requesting 320 samples.
Re-initializing module.
Re-initializing criterion.
Re-initializing optimizer.
  epoch    train_f1    train_loss    valid_acc    valid_f1    valid_loss    cp     dur
-------  ----------  ------------  -----------  ----------  ------------  ----  ------
      1      0.5823        0.6817       0.5807      0.2171        1.3091     +  9.1817
      2      0.4341        0.7365       0.6988      0.2582        0.9290     +  9.0400
      3      0.5152        0.6267       0.6958      0.2522        0.9456        9.0588
      4      0.5268        0.6189       0.7026      0.2618        0.9241     +  9.0432
      5      0.5274        0.6054       0.6958      0.2551        0.9442        9.0817
      6      0.5088        0.5984       0.7076      0.2706        0.9014     +  9.0862
      7      0.5838        0.5752       0.7099      0.2699        0.9082        9.0876
      8      0.5657        0.5701       0.7043      0.2683        0.9092        9.0844
      9      0.5332        0.5507       0.7108      0.2744        0.9049        9.0707
     10      0.5699        0.5437       0.7090      0.2727        0.9041        9.1048
     11      0.5680        0.5334       0.6997      0.2645        0.9177        9.0595
     12      0.6889        0.5289       0.7243      0.2877        0.8720     +  9.0890
     13      0.5786        0.5201       0.7049      0.2736        0.8950        9.0723
     14      0.6611        0.5240       0.7226      0.2847        0.8870        9.0709
     15      0.5538        0.5158       0.7016      0.2742        0.9045        9.0514
     16      0.6355        0.4988       0.6931      0.2678        0.9425        9.0779
     17      0.5861        0.5024       0.7063      0.2747        0.8988        9.0556
     18      0.6216        0.4999       0.7201      0.2858        0.8754        9.0629
     19      0.6318        0.4879       0.7007      0.2793        0.9052        9.0964
     20      0.6571        0.4752       0.7007      0.2778        0.9052        9.1074
     21      0.6762        0.4726       0.7076      0.2818        0.8794        9.1013
     22      0.7199        0.4643       0.7014      0.2781        0.8965        9.1263
     23      0.6563        0.4602       0.6948      0.2784        0.9100        9.0768
     24      0.6554        0.4560       0.7059      0.2840        0.8754        9.1044
     25      0.6505        0.4494       0.7165      0.2912        0.8591     +  9.0597
     26      0.6666        0.4497       0.7247      0.2971        0.8332     +  9.0644
     27      0.5765        0.4436       0.6811      0.2719        1.0003        9.0606
     28      0.5864        0.5725       0.6757      0.2524        0.9661        9.5929
     29      0.6469        0.4493       0.7339      0.3061        0.8079     +  14.4597
     30      0.6674        0.4314       0.7247      0.4238        0.8255        14.6650
     31      0.7008        0.4243       0.7234      0.2985        0.8154        14.5794
     32      0.5884        0.4193       0.7290      0.3034        0.8126        14.5062
     33      0.7375        0.4119       0.7222      0.2979        0.8234        14.5999
     34      0.6467        0.4103       0.7259      0.3021        0.8095        14.6221
     35      0.6457        0.4084       0.7274      0.3030        0.8110        14.6680
     36      0.7035        0.4025       0.7335      0.3071        0.8053     +  14.4783
     37      0.6102        0.4004       0.7300      0.3041        0.8064        14.5058
     38      0.5741        0.3966       0.7361      0.3099        0.7973     +  14.3570
     39      0.6106        0.3945       0.7370      0.3122        0.7937     +  14.6171
     40      0.6189        0.3893       0.7363      0.3085        0.8071        14.6742
     41      0.7385        0.3868       0.7307      0.3051        0.8132        14.6354
     42      0.6464        0.3852       0.7337      0.3088        0.8065        14.4715
     43      0.6548        0.3804       0.7351      0.3104        0.8069        14.5760
     44      0.7306        0.3796       0.7418      0.3129        0.8017        14.6426
     45      0.6265        0.3771       0.7339      0.3091        0.8067        14.6296
     46      0.7452        0.3695       0.7375      0.3095        0.8066        14.4677
     47      0.7384        0.3688       0.7292      0.3068        0.8116        14.6076
     48      0.6546        0.3641       0.7340      0.3107        0.8037        14.4815
     49      0.7464        0.3632       0.7366      0.3145        0.7920     +  14.6771
     50      0.6544        0.3595       0.7365      0.3119        0.8067        14.6764
     51      0.7009        0.3561       0.7467      0.3193        0.7883     +  14.7419
     52      0.6767        0.3556       0.7318      0.3103        0.8105        14.6817
     53      0.6789        0.3521       0.7306      0.3088        0.8067        14.7273
     54      0.6548        0.3499       0.7392      0.3122        0.8065        14.4407
     55      0.6770        0.3482       0.7457      0.3152        0.8018        14.6440
     56      0.6623        0.3439       0.7255      0.3034        0.8325        14.4447
     57      0.7606        0.3419       0.7285      0.3078        0.8206        14.5254
     58      0.6955        0.3372       0.7326      0.3066        0.8188        14.4632
     59      0.6855        0.3369       0.7205      0.3016        0.8356        14.4967
     60      0.6621        0.3365       0.7328      0.3122        0.8069        14.6504
     61      0.6780        0.3358       0.7562      0.3229        0.7871     +  14.5221
     62      0.6778        0.3351       0.7267      0.3065        0.8278        14.6220
     63      0.7633        0.3266       0.7297      0.3085        0.8209        14.6040
     64      0.6774        0.3250       0.7328      0.3113        0.8126        14.6463
     65      0.6957        0.3229       0.7267      0.3052        0.8255        14.7124
     66      0.6369        0.3234       0.7340      0.3094        0.8204        14.6457
     67      0.6611        0.3205       0.7292      0.3099        0.8208        14.6003
     68      0.6855        0.3184       0.7274      0.3081        0.8255        14.5626
     69      0.6377        0.3153       0.7274      0.3102        0.8214        14.6140
     70      0.6879        0.3128       0.7267      0.3052        0.8377        14.4149
     71      0.6580        0.3133       0.7323      0.3102        0.8222        14.6622
     72      0.6821        0.3070       0.7260      0.3085        0.8332        14.5788
     73      0.7177        0.3097       0.7472      0.3169        0.8050        14.6765
Stopping since valid_loss has not improved in the last 13 epochs.
Iteration 7: Test F1 Score: 0.7506944444444444
Model checkpoint saved to D:\Shubham\results\Multiclass01\RandomSampling\ParamsFromMultilabel\Run2/model_checkpoint_iteration_6.pt

Iteration 8: Requesting 560 samples.
Re-initializing module.
Re-initializing criterion.
Re-initializing optimizer.
  epoch    train_f1    train_loss    valid_acc    valid_f1    valid_loss    cp      dur
-------  ----------  ------------  -----------  ----------  ------------  ----  -------
      1      0.5503        0.6162       0.6943      0.2488        0.9746     +  16.1455
      2      0.5130        0.5156       0.7512      0.3190        0.7832     +  16.3146
      3      0.5773        0.4276       0.6771      0.2725        0.9189        16.1134
      4      0.5683        0.4382       0.7602      0.3396        0.7367     +  16.0862
      5      0.5844        0.3949       0.7727      0.3273        0.7141     +  16.1066
      6      0.6070        0.3980       0.6819      0.2791        0.9431        16.1331
      7      0.5609        0.4217       0.7854      0.3547        0.6898     +  16.2119
      8      0.6214        0.3742       0.7816      0.3487        0.6949        16.1553
      9      0.6221        0.3617       0.7821      0.3487        0.6836     +  16.0865
     10      0.6225        0.3532       0.7793      0.3408        0.6948        16.0129
     11      0.7048        0.3553       0.7793      0.4560        0.7350        16.1009
     12      0.6063        0.3540       0.7851      0.4697        0.6858        16.0525
     13      0.6111        0.3341       0.7401      0.3338        0.7613        16.4452
     14      0.6260        0.3342       0.7757      0.3491        0.6909        16.3824
     15      0.6254        0.3306       0.6618      0.2645        1.0092        16.3847
     16      0.5519        0.3880       0.7693      0.3489        0.7023        16.3070
     17      0.6401        0.3183       0.7703      0.3494        0.7094        16.4596
     18      0.6261        0.3168       0.7514      0.3413        0.7358        16.1232
     19      0.6298        0.3091       0.7752      0.4698        0.7098        16.4429
     20      0.6429        0.3042       0.7597      0.4704        0.7306        16.5808
     21      0.6540        0.3012       0.7710      0.5901        0.7296        16.5357
Stopping since valid_loss has not improved in the last 13 epochs.
Iteration 8: Test F1 Score: 0.8149305555555556
Model checkpoint saved to D:\Shubham\results\Multiclass01\RandomSampling\ParamsFromMultilabel\Run2/model_checkpoint_iteration_7.pt

Iteration 9: Requesting 1000 samples.
Re-initializing module.
Re-initializing criterion.
Re-initializing optimizer.
  epoch    train_f1    train_loss    valid_acc    valid_f1    valid_loss    cp      dur
-------  ----------  ------------  -----------  ----------  ------------  ----  -------
      1      0.5585        0.4943       0.6769      0.2343        1.1604     +  19.4481
      2      0.5192        0.4535       0.7462      0.3364        0.8150     +  18.8876
      3      0.5584        0.3886       0.7589      0.3440        0.7718     +  19.1420
      4      0.5791        0.3839       0.7611      0.3498        0.7333     +  19.2572
      5      0.5651        0.3564       0.7814      0.3663        0.7024     +  19.3565
      6      0.6054        0.3345       0.7491      0.3406        0.7688        18.9022
      7      0.5892        0.3524       0.7766      0.3607        0.7163        19.0018
      8      0.6315        0.3111       0.7953      0.3723        0.6543     +  18.6845
      9      0.6379        0.2991       0.8030      0.3742        0.6346     +  18.9314
     10      0.6342        0.2908       0.7965      0.3727        0.6569        19.2302
     11      0.6391        0.2845       0.8085      0.3722        0.6497        19.5000
     12      0.6562        0.2793       0.8080      0.3734        0.6474        19.2682
     13      0.6629        0.2721       0.7455      0.3379        0.8074        19.4224
     14      0.6513        0.3143       0.8078      0.3756        0.6358        18.9404
     15      0.6739        0.2626       0.8090      0.3750        0.6400        19.0346
     16      0.6786        0.2586       0.8073      0.3732        0.6526        19.2643
     17      0.6788        0.2527       0.8089      0.3744        0.6475        19.2209
     18      0.6772        0.2486       0.8035      0.3729        0.6561        19.4901
     19      0.6776        0.2451       0.8026      0.3735        0.6629        19.3786
     20      0.6942        0.2393       0.7941      0.6114        0.6825        19.2935
     21      0.7047        0.2370       0.7943      0.4957        0.6906        18.9058
Stopping since valid_loss has not improved in the last 13 epochs.
Iteration 9: Test F1 Score: 0.8154513888888889
Model checkpoint saved to D:\Shubham\results\Multiclass01\RandomSampling\ParamsFromMultilabel\Run2/model_checkpoint_iteration_8.pt

Iteration 10: Requesting 1776 samples.
Re-initializing module.
Re-initializing criterion.
Re-initializing optimizer.
  epoch    train_f1    train_loss    valid_acc    valid_f1    valid_loss    cp      dur
-------  ----------  ------------  -----------  ----------  ------------  ----  -------
      1      0.5566        0.4505       0.8227      0.3806        0.5996     +  24.0487
      2      0.6066        0.3127       0.8205      0.4975        0.6245        23.8430
      3      0.6447        0.2905       0.8302      0.3893        0.5767     +  23.8983
      4      0.6569        0.2672       0.8231      0.3803        0.6042        23.7384
      5      0.6577        0.2623       0.8153      0.3815        0.6534        24.0626
      6      0.6623        0.2521       0.7991      0.5985        0.7160        24.4318
      7      0.6834        0.2485       0.8252      0.6346        0.6032        24.6735
      8      0.6819        0.2372       0.8290      0.6416        0.5858        23.9815
      9      0.6892        0.2314       0.8128      0.6338        0.6459        24.1222
     10      0.6925        0.2266       0.8118      0.6348        0.6414        24.4395
     11      0.6927        0.2174       0.8075      0.6303        0.6436        24.6190
     12      0.6979        0.2125       0.8071      0.6294        0.6529        24.6532
     13      0.6949        0.2097       0.8193      0.6376        0.6171        24.6635
     14      0.6677        0.2843       0.7035      0.2659        1.1062        23.7798
     15      0.6064        0.3449       0.8281      0.5167        0.5789        24.4333
Stopping since valid_loss has not improved in the last 13 epochs.
Iteration 10: Test F1 Score: 0.8227430555555556
Model checkpoint saved to D:\Shubham\results\Multiclass01\RandomSampling\ParamsFromMultilabel\Run2/model_checkpoint_iteration_9.pt

Iteration 11: Requesting 3160 samples.
Re-initializing module.
Re-initializing criterion.
Re-initializing optimizer.
  epoch    train_f1    train_loss    valid_acc    valid_f1    valid_loss    cp      dur
-------  ----------  ------------  -----------  ----------  ------------  ----  -------
      1      0.6705        0.2492       0.8255      0.6321        0.6156     +  32.3041
      2      0.6779        0.2291       0.8240      0.5085        0.6192        32.4814
      3      0.6899        0.2172       0.8222      0.5053        0.6244        32.7014
      4      0.6974        0.2092       0.8243      0.6350        0.6026     +  32.6331
      5      0.6980        0.2041       0.8262      0.5078        0.6071        33.0728
      6      0.7034        0.1928       0.8226      0.6298        0.6156        33.3906
      7      0.7009        0.1900       0.8252      0.6309        0.6248        33.3291
      8      0.7093        0.1836       0.8220      0.6291        0.6268        32.9177
      9      0.7066        0.1823       0.8252      0.6299        0.6270        32.2371
     10      0.7153        0.1727       0.8155      0.6256        0.6452        32.9155
     11      0.7155        0.1700       0.8193      0.5018        0.6508        33.5833
     12      0.7142        0.1620       0.8168      0.6225        0.6598        32.9887
     13      0.7200        0.1590       0.8200      0.5053        0.6430        32.3051
     14      0.7239        0.1725       0.8191      0.6282        0.6448        32.6208
     15      0.7304        0.1523       0.8212      0.5028        0.6433        33.0813
     16      0.7190        0.1820       0.8253      0.6325        0.6218        33.0476
Stopping since valid_loss has not improved in the last 13 epochs.
Iteration 11: Test F1 Score: 0.8376736111111112
Model checkpoint saved to D:\Shubham\results\Multiclass01\RandomSampling\ParamsFromMultilabel\Run2/model_checkpoint_iteration_10.pt

Iteration 12: Requesting 5624 samples.
Re-initializing module.
Re-initializing criterion.
Re-initializing optimizer.
  epoch    train_f1    train_loss    valid_acc    valid_f1    valid_loss    cp      dur
-------  ----------  ------------  -----------  ----------  ------------  ----  -------
      1      0.7022        0.1830       0.7842      0.3298        0.8513     +  48.8505
      2      0.7151        0.1694       0.7663      0.4412        0.9628        48.1887
      3      0.7168        0.1618       0.7833      0.4539        0.8764        48.1242
      4      0.7298        0.1538       0.8075      0.4881        0.7203     +  47.7153
      5      0.7308        0.1464       0.8153      0.6245        0.7054     +  49.2321
      6      0.7275        0.1423       0.8134      0.6220        0.7099        49.7008
      7      0.7539        0.1358       0.8080      0.4887        0.7718        49.1723
      8      0.7464        0.1330       0.8002      0.4864        0.7817        49.8054
      9      0.7583        0.1289       0.8049      0.4944        0.7497        48.8746
     10      0.7547        0.1231       0.8005      0.4879        0.7968        48.2140
     11      0.7656        0.1183       0.7984      0.4905        0.7913        48.5548
     12      0.7624        0.1152       0.7998      0.4925        0.7748        48.6130
     13      0.7653        0.1156       0.8054      0.6212        0.7512        49.6028
     14      0.7423        0.1325       0.8130      0.3760        0.7423        48.6758
     15      0.7722        0.1074       0.8108      0.5018        0.7368        48.9702
     16      0.7894        0.1034       0.8137      0.3811        0.7299        48.6808
     17      0.7866        0.1004       0.8130      0.5041        0.7164        48.8010
Stopping since valid_loss has not improved in the last 13 epochs.
Iteration 12: Test F1 Score: 0.8305555555555556
Model checkpoint saved to D:\Shubham\results\Multiclass01\RandomSampling\ParamsFromMultilabel\Run2/model_checkpoint_iteration_11.pt

Iteration 13: Requesting 10000 samples.
Re-initializing module.
Re-initializing criterion.
Re-initializing optimizer.
  epoch    train_f1    train_loss    valid_acc    valid_f1    valid_loss    cp      dur
-------  ----------  ------------  -----------  ----------  ------------  ----  -------
      1      0.7559        0.1639       0.8266      0.5063        0.6371     +  77.3597
      2      0.7528        0.1408       0.8186      0.6344        0.6659        77.5777
      3      0.7645        0.1349       0.7677      0.3269        0.9712        77.9687
      4      0.7694        0.1274       0.7937      0.4800        0.8438        74.8630
      5      0.7733        0.1200       0.8137      0.3724        0.7384        74.5523
      6      0.7789        0.1165       0.8205      0.3832        0.7343        77.6461
      7      0.7977        0.1103       0.7865      0.3531        0.9124        77.3657
      8      0.7939        0.1042       0.7998      0.4919        0.8343        76.7733
      9      0.8041        0.1004       0.8075      0.5023        0.7556        76.0081
     10      0.8043        0.0978       0.8172      0.5072        0.7531        75.7406
     11      0.8126        0.0924       0.8030      0.3736        0.8145        77.3475
     12      0.8139        0.0915       0.7920      0.6080        0.9403        78.2380
     13      0.8111        0.0894       0.8125      0.3795        0.7851        76.7332
Stopping since valid_loss has not improved in the last 13 epochs.
Iteration 13: Test F1 Score: 0.8607638888888889
Model checkpoint saved to D:\Shubham\results\Multiclass01\RandomSampling\ParamsFromMultilabel\Run2/model_checkpoint_iteration_12.pt

Iteration 14: Requesting all remaining samples.
Re-initializing module.
Re-initializing criterion.
Re-initializing optimizer.
  epoch    train_f1    train_loss    valid_acc    valid_f1    valid_loss    cp      dur
-------  ----------  ------------  -----------  ----------  ------------  ----  -------
      1      0.7950        0.1163       0.8332      0.3957        0.6031     +  88.9502
      2      0.8052        0.0977       0.8090      0.6221        0.7769        91.1718
      3      0.8075        0.0934       0.8208      0.3897        0.7050        87.9423
      4      0.8154        0.0851       0.8194      0.5079        0.7286        89.8767
      5      0.8129        0.0849       0.8273      0.5134        0.6824        88.6091
      6      0.8186        0.0794       0.8108      0.3774        0.7787        90.1619
      7      0.8233        0.0756       0.8191      0.5101        0.7436        88.9886
      8      0.8227        0.0738       0.8286      0.5140        0.7408        89.8654
      9      0.8277        0.0689       0.8293      0.5136        0.7148        86.6622
     10      0.8284        0.0725       0.8269      0.5111        0.7294        88.3724
     11      0.8277        0.0666       0.8175      0.5096        0.7629        88.8396
     12      0.8365        0.0624       0.8109      0.5023        0.8126        87.6875
     13      0.8345        0.0616       0.8175      0.5214        0.7602        87.9071
Stopping since valid_loss has not improved in the last 13 epochs.
Iteration 14: Test F1 Score: 0.8428819444444444
Model checkpoint saved to D:\Shubham\results\Multiclass01\RandomSampling\ParamsFromMultilabel\Run2/model_chec932291666666667, 0.7203125, 0.7446180555555556, 0.7506944444444444, 0.8149305555555556, 0.8154513888888889, 0.8227430555555556, 0.8376736111111112, 0.8305555555555556, 0.8607638888888889, 0.8428819444444444]
Performance Test Data: [[0.24149305555555556, 0.6067708333333334, 0.6574652777777777, 0.6932291666666667, 0.7203125, 0.7446180555555556, 0.7506944444444444, 0.8149305555555556, 0.8154513888888889, 0.8227430555555556, 0.8376736111111112, 0.8305555555555556, 0.8607638888888889, 0.8428819444444444]]